0.0002031
0.000202867
0.0002272
0.000238067
0.000237467
0.0002444
0.0002365
0.0002023
0.000235767
0.000226233
0.000240367
0.000235767
0.0002475
0.000189933
0.000207733
0.000224867
0.0002357
0.000248067
0.000266133
0.0002493
0.000214733
0.000256067
0.000236767
0.000258633
0.000241167
0.000237333
0.000199967
0.000222167
0.0002498
0.0002632
0.000474667
0.0002695
0.000251667
0.000215833
0.000252933
0.000244733
0.0002733
0.000254367
0.000249433
0.000208367
0.0002215
0.0002457
0.000259633
0.000259567
0.0002532
0.000268233
0.000220133
0.000212067
0.000247733
0.000253533
0.0002482
0.0002665
0.0001699
0.000215167
0.000259133
0.000253633
0.0002486
0.000643167
0.0002464
0.000214133
0.000216333
0.000252933
0.0002547
0.0002433
0.000246467
0.000246433
0.000228333
0.000235233
0.0002586
0.0002451
0.000250833
0.000224833
0.000204567
0.0002219
0.0002413
0.0002697
0.0002537
0.000253233
0.000259
0.000225167
0.000239567
0.0002352
0.000233467
0.000233867
0.000235133
0.000202333
0.000217933
0.000226833
0.000230233
0.000538667
0.000234367
0.000229467
0.000207433
0.000239133
0.000241133
0.0002465
0.000254233
0.000252867
0.000195633
0.000206667
0.0002484
0.000224367
0.0002584
0.000222433
0.0002558
0.000187167
0.000237533
0.0002373
0.0002452
0.0002305
0.0002478
0.000173233
0.0002213
0.000219367
0.000243
0.000295567
0.000249667
0.000249833
0.000210933
0.000216567
0.0002289
0.000262233
0.000242967
0.000247133
0.0002573
0.000207467
0.000237133
0.000218467
0.000259967
0.000246367
0.000259567
0.0002169
0.000225733
0.000248367
0.0002641
0.0002703
0.000268533
0.000248567
0.000214667
0.0002505
0.000257
0.000267633
0.000258467
0.000263833
0.0002066
0.000227833
0.0002537
0.000261
0.0002647
0.0002611
0.0002605
0.0002126
0.0002737
0.0002386
0.000287433
0.000250267
0.000241633
0.0001923
0.0002144
0.000246933
0.000236467
0.000247533
0.000231833
0.000249567
0.000212767
0.000241467
0.0002217
0.000232033
0.000250933
0.00025
0.0001885
0.0002226
0.000251833
0.000233533
0.000255533
0.0002359
0.000259667
0.000209767
0.000203233
0.00024
0.0002356
0.000251467
0.0002401
0.0002464
0.000219467
0.000234667
0.000241733
0.000245267
0.0002599
0.0002617
0.0001983
0.00272517
0.0002629
0.000254433
0.000261233
0.000264333
0.0002869
0.000236033
0.0002542
0.000246533
0.000256367
0.000265533
0.000273167
0.000203567
0.000257467
0.000254267
0.0002648
0.000273667
0.0002548
0.000280233
0.000212167
0.000253467
0.0002397
0.000253767
0.000255733
0.000253933
0.0001966
0.0002238
0.000250567
0.000240667
0.0002601
0.00026
0.000234167
0.000209233
0.000224067
0.000232467
0.000258633
0.0002474
0.000539733
0.000192467
0.000228867
0.000239533
0.000253767
0.0002583
0.0002539
0.0002624
0.0002052
0.000202767
0.0002483
0.000251567
0.0002568
0.000252767
0.000159033
0.0002257
0.000250333
0.0002497
0.000261867
0.0002571
0.000250333
0.000211467
0.000216633
0.000244733
0.0002633
0.000250267
0.0002525
0.000254967
0.000224
0.000249433
0.000240333
0.0002515
0.000240233
0.0002583
0.000214233
0.000223967
0.000242867
0.000261433
0.000248367
0.000230633
0.000254733
0.000216867
0.000245
0.000239367
0.0002521
0.0002474
0.0002536
0.000196567
0.000209267
0.0002461
0.000248633
0.000269033
0.000261567
0.000257267
0.0002121
0.0002463
0.000246333
0.000248467
0.0002496
0.000258333
0.0001853
0.000228933
0.000255267
0.0002481
0.0002511
0.000251233
0.0002561
0.000215067
0.000206667
0.0002513
0.0002498
0.000247867
0.0002592
0.000165667
0.000216367
0.0002415
0.0002361
0.000233067
0.0002353
0.000259267
0.000215733
0.000206133
0.000251833
0.000261433
0.0002483
0.0002586
0.000249633
0.000214533
0.000244467
0.000244067
0.0002399
0.000268233
0.000234967
0.000202767
0.0002298
0.000251867
0.000264567
0.0005476
0.000261967
0.000258267
0.000200733
0.000241833
0.000251333
0.000249833
0.0002593
0.000248133
0.0001891
0.000207067
0.000230467
0.000234033
0.0002584
0.000248
0.000268567
0.000217967
0.000245133
0.0002336
0.000236333
0.000244467
0.0002661
0.000191733
0.000205333
0.000252
0.000242033
0.0002346
0.000258067
0.00026
0.000211933
0.000233133
0.000262367
0.000258667
0.0002624
0.0002661
0.000183467
0.000253033
0.000262133
0.000241433
0.0002657
0.000260067
0.00026
0.000219833
0.000236033
0.0002605
0.000250167
0.000269933
0.000254967
0.0002436
0.000225767
0.000246433
0.0002406
0.0002496
0.000251167
0.000276633
0.000198367
0.000235533
0.000252933
0.000265267
0.0002647
0.0002612
0.000270367
0.0002183
0.000244167
0.000253133
0.0002608
0.0002742
0.000649367
0.000202833
0.000233033
0.000254133
0.000280033
0.000237
0.000261233
0.0002602
0.000208833
0.000241233
0.000251567
0.0002535
0.000640433
0.000251967
0.000198333
0.000212767
0.000266433
0.000260933
0.0002726
0.0002528
0.000250933
0.000213333
0.00023
0.000242433
0.0002611
0.000263433
0.0002351
0.000180367
0.0002444
0.000254833
0.000251567
0.0002351
0.000253033
0.0002657
0.0002204
0.000228667
0.000241
0.0002695
0.0002648
0.000259067
0.0002784
0.0002311
0.000254733
0.000257967
0.000276567
0.000267967
0.000266333
0.000198967
0.000224533
0.000242367
0.000271733
0.0002615
0.000246467
0.000250667
0.000216067
0.0002455
0.0002316
0.000261033
0.000242733
0.000256733
0.0001978
0.000228733
0.0002224
0.0002573
0.000239233
0.000262467
0.000263433
0.000221067
0.0002426
0.000246667
0.000543067
0.000237433
0.000259433
0.000200033
0.0002249
0.0002486
0.000250967
0.000237033
0.000238167
0.000257867
0.0001976
0.000242933
0.000252033
0.000260733
0.000267233
0.000267167
0.0001676
0.0002239
0.0002435
0.000228233
0.0002613
0.000258333
0.000252333
0.000220433
0.000206267
0.000242033
0.000263433
0.0002413
0.0002565
0.0002657
0.000231567
0.000230533
0.000256767
0.0002573
0.000266467
0.0002724
0.0002164
0.000228767
0.0002606
0.000270167
0.000278867
0.000261933
0.000281067
0.0002336
0.0002451
0.000242233
0.000255633
0.0002638
0.0002566
0.000190133
0.000221433
0.0002671
0.0002575
0.000267033
0.000252433
0.000259967
0.000221733
0.0002411
0.000244967
0.000253733
0.0002631
0.000251267
0.000208167
0.0002088
0.000242733
0.0002419
0.000262333
0.0002513
0.000257333
0.000217
0.0002309
0.000255467
0.000240333
0.000257933
0.000252333
0.0001896
0.0002393
0.000243567
0.0002456
0.0002633
0.000264
0.000269633
0.0002081
0.0002159
0.0002443
0.0002481
0.000261467
0.000256167
0.000245433
0.000219567
0.000252333
0.000243
0.000268233
0.0002649
0.000249033
0.000196967
0.000220133
0.000246467
0.000275567
0.0002441
0.000243367
0.0002615
0.000222767
0.0002472
0.000227333
0.000256033
0.000240133
0.00129807
0.000215033
0.000206767
0.000258833
0.000239067
0.0002662
0.000273433
0.0002586
0.000228133
0.000244133
0.000249733
0.000274033
0.000256567
0.0002581
0.000187067
0.000236467
0.000246067
0.000226233
0.000266
0.000245133
0.000264
0.000232
0.000264333
0.000255733
0.000274267
0.0002629
0.000259367
0.000193067
0.0002315
0.000242867
0.0002492
0.000259433
0.000240167
0.000265567
0.000216367
0.000214533
0.000247933
0.000262667
0.000268933
0.0002572
0.000155567
0.0002263
0.000263767
0.000251767
0.000277633
0.000236267
0.0002576
0.000215167
0.000224667
0.000250833
0.000256967
0.0002391
0.000257733
0.000692367
0.000226367
0.000248667
0.000245533
0.0002406
0.000258567
0.0002612
0.000199433
0.000238667
0.0002593
0.000260733
0.0002639
0.0002545
0.000241867
0.000222033
0.000250667
0.000544433
0.000261633
0.0002504
0.000250267
0.0001997
0.000218767
0.0002536
0.000256767
0.000258267
0.000254933
0.000264733
0.000211833
0.000252767
0.000241633
0.000257967
0.000260767
0.000257533
0.000196667
0.0002296
0.000244367
0.0002504
0.000250867
0.0002574
0.000249133
0.0002083
0.000225633
0.000270267
0.000237467
0.0002666
0.0002397
0.000169333
0.0002193
0.0002337
0.000250067
0.000264133
0.000256633
0.000270767
0.000217167
0.000203967
0.0002602
0.000267533
0.000260233
0.000266367
0.000240267
0.0002349
0.000518833
0.0002383
0.000264833
0.000266133
0.000260833
0.0001953
0.00022
0.000243267
0.000252567
0.0002586
0.000257833
0.000281433
0.000217633
0.000251233
0.000250333
0.000271033
0.0002571
0.000249233
0.000201667
0.000219167
0.0002289
0.000254933
0.0002577
0.000273633
0.000264767
0.0002161
0.000258267
0.000259633
0.0002699
0.000272167
0.0002645
0.0001873
0.0002225
0.0002493
0.000258267
0.0002634
0.0002624
0.000269867
0.000220933
0.0002268
0.0002577
0.000273833
0.000261
0.000272433
0.000179667
0.000231633
0.000253733
0.0002458
0.000268267
0.000258067
0.000279067
0.000218933
0.000219467
0.000237867
0.000254933
0.000259433
0.000266233
0.000265767
0.000220833
0.000256967
0.000252567
0.000265233
0.0002785
0.000639533
0.00116017
0.0002098
0.0002929
0.0002709
0.0002608
0.0002621
0.000265133
0.000236533
0.000264267
0.000254933
0.000264667
0.000273567
0.000270633
0.000210467
0.000215733
0.000250733
0.000265633
0.000262
0.000270133
0.000254
0.0002005
0.000266467
0.000259433
0.000267133
0.0002786
0.0003005
0.000193833
0.0002281
0.000256733
0.000281033
0.000263867
0.000281367
0.000275767
0.000229767
0.000220367
0.000244233
0.000267633
0.000267167
0.0002654
0.000174967
0.0002276
0.0002485
0.000249233
0.000253133
0.000265267
0.000268867
0.000204933
0.0002232
0.0002433
0.0002655
0.0002676
0.0002663
0.000265267
0.0002279
0.000246033
0.0002641
0.000265267
0.000268067
0.000281067
0.000214633
0.000209667
0.0002446
0.000253333
0.000253667
0.000252867
0.000265667
0.000227933
0.000225167
0.000239533
0.000256467
0.000257667
0.000268867
0.0001901
0.000227967
0.000244667
0.000266833
0.000280367
0.0002548
0.000251733
0.000231833
0.000257
0.000253967
0.000269467
0.000289067
0.000261433
0.0002045
0.000226067
0.000260533
0.000242933
0.0002576
0.000261567
0.0002641
0.0002147
0.000244333
0.000255467
0.000257367
0.0002659
0.000239233
0.000176967
0.000232
0.000257867
0.000252133
0.000282067
0.000268233
0.000267167
0.0002085
0.000223133
0.0002426
0.000265533
0.000265633
0.0002713
0.000269
0.000206633
0.000261267
0.000256667
0.000273533
0.000256767
0.0002419
0.0002144
0.000204167
0.0002473
0.000264633
0.0002541
0.000259333
0.0002519
0.000219033
0.000257633
0.000236667
0.000261767
0.0002654
0.000257833
0.000198467
0.0002333
0.0002536
0.000280667
0.000237667
0.0002663
0.000237667
0.0002254
0.0002443
0.000241467
0.000252
0.000260767
0.000266533
0.000197933
0.000225167
0.0002812
0.0002461
0.000270067
0.0005521
0.000270433
0.000226433
0.0002412
0.000252233
0.000234833
0.000260567
0.000260467
0.000192533
0.000219867
0.000257333
0.000257233
0.000256333
0.000255267
0.0002609
0.000223867
0.0002273
0.000240267
0.000240367
0.0002527
0.000271067
0.0002785
0.0002168
0.000234233
0.000242233
0.000263767
0.000262033
0.0002373
0.000240333
0.0002188
0.0002612
0.0002569
0.000278733
0.000263067
0.0002687
0.000241267
0.000247167
0.000258067
0.001277
0.0002755
0.000266933
0.000211
0.000228367
0.000262167
0.000265033
0.0002688
0.000271
0.0002875
0.000227833
0.000251867
0.000990367
0.000263233
0.0002657
0.000270167
0.000214867
0.0002333
0.0002655
0.0002552
0.000264833
0.000266233
0.000262233
0.0002235
0.000250133
0.0002425
0.000271767
0.0002641
0.000280433
0.000187833
0.000234667
0.000248333
0.000239567
0.000261133
0.000265067
0.000253767
0.000215067
0.0002392
0.0002427
0.0002606
0.000238867
0.000253067
0.000153967
0.000225333
0.000250667
0.0002513
0.000257367
0.0002569
0.0002525
0.000201533
0.000218933
0.0002559
0.000259767
0.000258533
0.000252067
0.000264467
0.0002286
0.000237733
0.000256367
0.000256133
0.000250933
0.000268033
0.000216
0.000223133
0.000238533
0.000264433
0.0002607
0.000273067
0.000258767
0.000220233
0.000235067
0.000240133
0.000261467
0.000260167
0.000249
0.000194633
0.0002085
0.0002583
0.000250367
0.000263333
0.0002618
0.000251533
0.0002186
0.0002677
0.000241167
0.000254367
0.000240133
0.0002514
0.0002011
0.000220133
0.0002258
0.000247367
0.000231533
0.0002555
0.000254633
0.0002109
0.000219533
0.0002468
0.0002529
0.0002521
0.000237267
0.0001515
0.000205667
0.0002486
0.0002437
0.000238733
0.000267633
0.000292733
0.0002098
0.000223433
0.0002506
0.000261333
0.0002534
0.0002704
0.000240867
0.0002332
0.000241133
0.000239333
0.000252633
0.000259667
0.000231033
0.000195333
0.00176067
0.000238733
0.0002496
0.0002379
0.000237033
0.000252733
0.000206167
0.000230767
0.000236
0.000255233
0.000254267
0.0002629
0.000186667
0.000208233
0.000245
0.000242633
0.000237433
0.000225733
0.000234133
0.000191533
0.000228067
0.000238133
0.000260067
0.0002561
0.000257333
0.000192867
0.000202767
0.0002528
0.000239633
0.000249967
0.000237667
0.000270033
0.000204133
0.000217833
0.000256633
0.000240033
0.000251467
0.000262267
0.000173167
0.0002261
0.000252533
0.0002297
0.000270567
0.000254933
0.000293867
0.0002155
0.000225667
0.000251767
0.000266667
0.000597833
0.000269367
0.000254433
0.000214767
0.0002491
0.0002489
0.000258533
0.0002502
0.0002673
0.000204567
0.000203
0.000247233
0.000263867
0.000253133
0.000258933
0.0002718
0.0002282
0.000224067
0.000259367
0.0002808
0.0002659
0.0002642
0.000216033
0.000220333
0.000253833
0.0002876
0.000268333
0.000269567
0.000266367
0.000221167
0.000256533
0.0002493
0.000248567
0.0002715
0.0002833
0.000203
0.0002329
0.000266467
0.000236067
0.000261
0.000241733
0.0002551
0.0002223
0.000228933
0.000248367
0.000262533
0.0002533
0.0002576
0.000419333
0.0002116
0.000249033
0.0002537
0.0002525
0.000285567
0.000237867
0.0002164
0.000220567
0.000255333
0.000261967
0.000237633
0.000256833
0.000268267
0.000209867
0.0002495
0.0002467
0.000265633
0.0002512
0.000264167
0.000212133
0.0002171
0.0002432
0.0002415
0.0002604
0.000253633
0.000271133
0.000230767
0.000253667
0.0002507
0.000257367
0.000262067
0.000278967
0.000209633
0.000223367
0.000244033
0.000257467
0.000256
0.000251867
0.0002568
0.0002059
0.000251267
0.000245933
0.000263933
0.000256667
0.000260333
0.0001987
0.000220767
0.0002458
0.000231033
0.000257533
0.000269767
0.000262967
0.0002116
0.0002291
0.000241833
0.000263233
0.0002588
0.000550933
0.0001795
0.000201
0.000262033
0.000245733
0.000261167
0.000251233
0.0002546
0.000211833
0.0002194
0.000247967
0.000257467
0.0005378
0.000253433
0.0002554
0.000212567
0.000225867
0.000244367
0.000256567
0.000261467
0.000238
0.000215933
0.000227167
0.000228067
0.000254267
0.0002641
0.0002638
0.000273733
0.0002216
0.0002279
0.000229333
0.000267333
0.000252567
0.000266067
0.000194167
0.000221533
0.000243833
0.0002391
0.0002527
0.000263667
0.000260767
0.000217733
0.000246033
0.000237167
0.0002696
0.0002645
0.000252233
0.000206967
0.0005762
0.000249433
0.000260933
0.000256267
0.000261533
0.000252433
0.000216633
0.000254867
0.0002533
0.000270533
0.0002603
0.000265
0.000178233
0.000230467
0.000240533
0.000249867
0.000262533
0.000246567
0.000254733
0.0002121
0.000223767
0.000249867
0.000267733
0.000261767
0.000256267
0.0002936
0.000231133
0.000242533
0.0002396
0.000260233
0.0002688
0.000276633
0.000218033
0.000237533
0.000244733
0.000256767
0.000252733
0.0002553
0.000255333
0.000227133
0.000229567
0.000249433
0.000268333
0.0002611
0.000255367
0.000196833
0.000226733
0.000242267
0.0002709
0.0002683
0.000248933
0.000254133
0.000206733
0.000255167
0.0002274
0.000252267
0.0002731
0.000255467
0.000222567
0.000221567
0.0002481
0.000247533
0.0005476
0.000254467
0.000266533
0.000220467
0.0002492
0.0002442
0.0002708
0.000267933
0.0002645
0.0001898
0.0005079
0.000255867
0.000240867
0.0002608
0.000262767
0.0002583
0.0002155
0.000222233
0.000249767
0.0002641
0.000253767
0.0002572
0.000140667
0.000219933
0.000250567
0.000249567
0.000267
0.000259133
0.000262967
0.0002155
0.000222367
0.000260133
0.0002611
0.000266067
0.000265933
0.000256633
0.0002266
0.000250767
0.000239233
0.000271767
0.0002753
0.000258167
0.000207567
0.0002251
0.000239267
0.000257733
0.000267033
0.000268567
0.000312767
0.000217433
0.000246633
0.000249867
0.000268533
0.0002689
0.0002726
0.000205533
0.0002245
0.000254333
0.000258667
0.000258667
0.0002642
0.000266467
0.0002126
0.000247933
0.000256633
0.000253933
0.0002684
0.0002598
0.000207667
0.000217633
0.000249133
0.000267467
0.000281367
0.000269567
0.000264767
0.000586967
0.000211933
0.0002585
0.000281
0.000660467
0.0002561
0.000169667
0.000221333
0.0002287
0.000226933
0.000258467
0.000261433
0.000242
0.000199033
0.000229633
0.000244567
0.000254067
0.000231167
0.000261267
0.000277
0.000220167
0.000234667
0.0002441
0.0002562
0.000261133
0.000253833
0.000200967
0.000232333
0.000249567
0.000264767
0.0002664
0.0002641
0.0002516
0.000216
0.000241367
0.000240767
0.000243067
0.000264067
0.000251667
0.0001808
0.0002263
0.000253933
0.000240533
0.000261033
0.000260167
0.000261633
0.000217767
0.000242933
0.000255133
0.000268233
0.000266067
0.000255433
0.0001904
0.000230567
0.0002544
0.0002466
0.000253933
0.000259033
0.000257367
0.000221767
0.000220033
0.000256
0.0002356
0.000261633
0.0002659
0.000171967
0.000233367
0.0002535
0.000246267
0.0002551
0.00206127
0.000241267
0.000211167
0.000200633
0.0002499
0.000268467
0.000253467
0.000250567
0.0002742
0.0002185
0.0002307
0.0002241
0.000278067
0.000254733
0.000251867
0.000208367
0.000223867
0.000240467
0.000230833
0.000254033
0.000262567
0.000259333
0.0002284
0.000254533
0.000250167
0.0002725
0.0002562
0.000253033
0.0002003
0.0002259
0.000243667
0.000277233
0.000250567
0.000253067
0.000275367
0.000214133
0.000528767
0.000242667
0.000254733
0.000260433
0.000251033
0.0001966
0.000226933
0.000248333
0.000241167
0.000237533
0.000250267
0.0002659
0.0002197
0.0002238
0.000252033
0.000259967
0.000258533
0.000252967
0.000178233
0.000229133
0.000250067
0.000244167
0.0002637
0.0002518
0.0002624
0.000217467
0.000207567
0.0002535
0.000269433
0.0002555
0.000280167
0.000261667
0.000226933
0.000263767
0.000235633
0.0002745
0.000237367
0.000253367
0.000196567
0.0002266
0.000260533
0.000260267
0.0002379
0.0002484
0.000264433
0.0002208
0.000249333
0.0002425
0.0002597
0.000264833
0.000235367
0.000187467
0.000220667
0.000241667
0.000254133
0.0002525
0.0002503
0.000262567
0.000206933
0.000249467
0.000235667
0.000260267
0.000238867
0.0002512
0.000220167
0.000227133
0.000243567
0.000231433
0.000254033
0.000270067
0.000256733
0.000216867
0.0002221
0.000249867
0.000260433
0.000258833
0.000267833
0.0001883
0.000222433
0.000255867
0.000246967
0.000259667
0.000264633
0.000279567
0.0002202
0.0002306
0.000243533
0.000265933
0.000241267
0.0005709
0.000262533
0.000221667
0.0002232
0.000243067
0.0005596
0.000261967
0.000256767
0.0002189
0.000232067
0.000258533
0.000266633
0.00026
0.000253833
0.000267133
0.0002426
0.000248833
0.000247867
0.000267533
0.000239467
0.000264133
0.000204767
0.000228367
0.000249967
0.000268533
0.000258467
0.000259133
0.000265767
0.000219033
0.000262233
0.000252767
0.000276933
0.0002676
0.000542867
0.000210633
0.0002254
0.000242833
0.000240433
0.000267633
0.000273067
0.0002734
0.000217333
0.000248967
0.0002454
0.000289233
0.0002738
0.0002731
0.000199833
0.000224567
0.000248467
0.0002535
0.0002667
0.000265533
0.0002658
0.000214233
0.0002144
0.0002418
0.000272567
0.0002689
0.000256933
0.000277
0.0002174
0.000237367
0.000246367
0.0002495
0.000239467
0.000282933
0.0002165
0.000229867
0.000264533
0.0002729
0.000256033
0.000260767
0.000268267
0.000219233
0.000226333
0.0002571
0.000266
0.000269833
0.0002645
0.000202733
0.000206133
0.000252
0.0002551
0.000255267
0.0002692
0.000268633
0.0002128
0.000249533
0.000221767
0.000251733
0.0002455
0.000249867
0.0002021
0.0002423
0.000248367
0.000264567
0.000262967
0.000269833
0.000273267
0.0002143
0.000240033
0.0002437
0.0002578
0.0002652
0.0002592
0.000192967
0.000231767
0.000255167
0.000249167
0.000277867
0.000261067
0.000258167
0.000212833
0.000227633
0.0002432
0.000264733
0.0005255
0.000264533
0.000157967
0.000231933
0.000248767
0.000252433
0.000265033
0.000279133
0.000644733
0.0002173
0.0002314
0.000249333
0.0002608
0.000265733
0.000255567
0.000266867
0.000237833
0.0002864
0.000253333
0.000260533
0.000525267
0.000621633
0.000213833
0.0002365
0.005107
0.000279533
0.0002713
0.000265233
0.0002647
0.000227267
0.0005351
0.000260767
0.000258633
0.000269033
0.000231267
0.0002084
0.000219967
0.000256
0.000255267
0.000266
0.000263867
0.000276567
0.000236333
0.0002619
0.0002402
0.000275
0.000272267
0.000266333
0.0001712
0.000225733
0.0002592
0.000270633
0.0002608
0.0016282
0.0002431
0.000213267
0.000223067
0.000244067
0.000270567
0.000266667
0.000271033
0.000165667
0.000232333
0.000247667
0.000255067
0.0006442
0.000273467
0.0002859
0.000225367
0.0002239
0.0002539
0.0002691
0.000259633
0.000266733
0.000272533
0.000232433
0.000255233
0.0002419
0.000261233
0.0002629
0.000274667
0.000209967
0.000222867
0.000241233
0.0005451
0.000268533
0.000262433
0.000250167
0.0002156
0.000231233
0.000243733
0.000244633
0.000257067
0.000276033
0.000203433
0.0002204
0.000256567
0.000270667
0.000230433
0.000542533
0.0002713
0.000210767
0.000242667
0.00024
0.0002552
0.000265167
0.000256767
0.000203167
0.000219167
0.0002297
0.000242067
0.000271333
0.000254367
0.0002393
0.000209067
0.000234833
0.000251
0.0002643
0.000258733
0.000261333
0.000174933
0.0002201
0.000243733
0.000243733
0.0002638
0.000277567
0.000248633
0.000195033
0.0002205
0.000243033
0.00391627
0.000267333
0.0002312
0.000272333
0.000221033
0.000227067
0.000228467
0.000267267
0.0002562
0.000260133
0.0002038
0.0002162
0.000248267
0.000262367
0.0002668
0.000255833
0.0002655
0.000227867
0.000255367
0.000263467
0.000268833
0.000257467
0.00025
0.000211933
0.000224633
0.0002343
0.000261467
0.000268867
0.000276933
0.0002601
0.000198767
0.0002231
0.000227633
0.0002609
0.0002681
0.000253167
0.000199367
0.000208167
0.000241367
0.000257333
0.000238333
0.0002529
0.000248433
0.000212333
0.000219467
0.000248167
0.0002526
0.000257933
0.000276133
0.000184333
0.000224433
0.0002394
0.0002523
0.000280467
0.000271
0.000268533
0.000228067
0.0002321
0.000251833
0.0002727
0.000263067
0.000260667
0.000306267
0.000204633
0.000242333
0.0002415
0.000268767
0.0002616
0.0002767
0.000210533
0.000212533
0.0002672
0.000266
0.0002741
0.000266667
0.0002688
0.000225233
0.000246433
0.000241067
0.000251833
0.0002667
0.0002546
0.000207133
0.000208367
0.000245167
0.000261333
0.000265067
0.000272267
0.000272533
0.0002255
0.000255867
0.000257233
0.000266933
0.000269333
0.000258067
0.0002031
0.0002383
0.000262
0.000242467
0.000268967
0.000263467
0.0002607
0.0002178
0.0002309
0.000258633
0.0002684
0.0002665
0.0002667
0.000186133
0.0002228
0.0002485
0.0002567
0.0002664
0.000260167
0.0002703
0.000221333
0.000239267
0.000254633
0.000265167
0.0002779
0.000288
0.000294933
0.0002294
0.000266967
0.0002587
0.000265067
0.000298
0.000262633
0.0002262
0.000244967
0.000254067
0.0002843
0.000297133
0.000241667
0.0002583
0.000221733
0.000236033
0.000252233
0.000265167
0.0002674
0.0002642
0.0002188
0.000230267
0.000276467
0.0002624
0.000253067
0.000268533
0.000262833
0.0002244
0.000251567
0.000258733
0.0002711
0.000300033
0.0002729
0.000206033
0.000222367
0.000276767
0.0002642
0.000273167
0.0002736
0.000260933
0.000211433
0.0005777
0.0002421
0.0002583
0.000272267
0.000261433
0.000185867
0.0002307
0.0002479
0.000252767
0.000263233
0.0002595
0.0002606
0.00021
0.0002143
0.0002634
0.000255033
0.000256233
0.000262667
0.000259333
0.0002247
0.000243267
0.000232333
0.000259767
0.0002585
0.000271733
0.000214833
0.000223067
0.000258267
0.000256267
0.0002727
0.0002659
0.000261367
0.0002348
0.0002582
0.00026
0.000253867
0.000239933
0.000265167
0.000209933
0.0002291
0.000248067
0.000255367
0.000261033
0.000271533
0.000265567
0.000223367
0.000243167
0.0002531
0.000319833
0.000268867
0.0002556
0.00362263
0.000255367
0.000247733
0.0002538
0.000251433
0.000260667
0.000267233
0.000207467
0.000238533
0.0002372
0.000240533
0.0002789
0.000263733
0.000196667
0.000227167
0.000270133
0.000258
0.0002736
0.000288467
0.0002746
0.000209367
0.000235233
0.000251733
0.0002599
0.000255867
0.0002848
0.000164367
0.0002158
0.000273533
0.0002507
0.000277267
0.000241867
0.000229033
0.000208167
0.0002183
0.000245733
0.000265833
0.000260567
0.0002544
0.0002578
0.000203733
0.0002417
0.0002432
0.000255967
0.0002628
0.000276667
0.000200267
0.000209333
0.0002481
0.000265967
0.000298133
0.000251933
0.0002673
0.0002255
0.0002446
0.000265567
0.000265367
0.0002611
0.0002645
0.000218267
0.000222167
0.000242167
0.000242567
0.000255567
0.000258467
0.0002687
0.000216667
0.000250267
0.000247067
0.000269367
0.000270567
0.000267767
0.000188767
0.000233033
0.000252167
0.0002417
0.000262733
0.000239533
0.0025543
0.0002165
0.000222867
0.0002747
0.0002684
0.000252933
0.000269867
0.000173
0.000215633
0.0002288
0.000229033
0.0002567
0.000546567
0.0002619
0.000211967
0.000218833
0.000236433
0.000249867
0.000274433
0.000239667
0.000259267
0.000221933
0.000228033
0.000248733
0.000271667
0.000263167
0.000260167
0.000197567
0.0002293
0.000255033
0.000266467
0.0002611
0.000284433
0.0002623
0.000198367
0.000244133
0.000257533
0.000243733
0.000252867
0.000263433
0.000202767
0.000227133
0.000253233
0.000243033
0.0002631
0.000262867
0.000261133
0.000218333
0.000251533
0.000265
0.0002554
0.000265033
0.0002643
0.0001969
0.000221
0.0002588
0.000258533
0.000266333
0.000270267
0.0002697
0.000212333
0.0002323
0.000275767
0.0002541
0.0002684
0.000258167
0.000179033
0.000208133
0.000238167
0.0002471
0.000263933
0.000257533
0.0002911
0.000189533
0.000220733
0.000256433
0.000273367
0.000233633
0.000251367
0.000273833
0.000206733
0.000258167
0.000241
0.0002419
0.0002657
0.0002596
0.0002019
0.000230867
0.000270367
0.000261967
0.000238867
0.000276067
0.000257933
0.0002281
0.000256633
0.000256733
0.000262633
0.000262767
0.000256167
0.0002052
0.0002208
0.000265567
0.0002549
0.000882367
0.000260867
0.000256567
0.000215067
0.000271567
0.000247633
0.000285567
0.000269967
0.000278567
0.0002193
0.0002368
0.000256467
0.000259733
0.0002656
0.000284067
0.000271767
0.0002245
0.000238267
0.000253067
0.0002692
0.000268433
0.000264067
0.0001768
0.0002182
0.0002469
0.000249633
0.000259867
0.0002574
0.000270733
0.000210467
0.000221933
0.0002511
0.000258767
0.000242633
0.000261033
0.0002954
0.0002324
0.000254133
0.0002451
0.000255733
0.000257667
0.000251067
0.0006098
0.000226533
0.0002365
0.0002552
0.000272467
0.0002586
0.000263
0.000235333
0.000247567
0.0002638
0.000266267
0.0002538
0.000250967
0.0001938
0.000225967
0.0005352
0.0002526
0.0002703
0.0002514
0.000257333
0.000216667
0.000247767
0.0002421
0.000252767
0.000258167
0.000243767
0.000187033
0.0002138
0.000251167
0.0002228
0.0002731
0.000238833
0.000260733
0.000192333
0.000226967
0.000530433
0.000268933
0.0002628
0.0002554
0.00018
0.0002224
0.0002421
0.0002574
0.0002526
0.000239667
0.000264633
0.000209567
0.0002286
0.000256067
0.000253133
0.0002386
0.000249267
0.0002604
0.000220467
0.000242
0.000246667
0.000263467
0.000254867
0.0002526
0.000203133
0.0002171
0.000256367
0.0002538
0.000265467
0.000268167
0.000261867
0.000221567
0.000245933
0.000224
0.0002618
0.000257467
0.000254833
0.000195367
0.000227867
0.000230733
0.0002534
0.0002602
0.000259567
0.000260767
0.0002224
0.000254933
0.0002455
0.0002647
0.0002562
0.000264433
0.000193233
0.000230733
0.000247133
0.000251267
0.0002638
0.0002592
0.0002795
0.000196967
0.000231
0.000242733
0.000277733
0.0002574
0.000253033
0.000164867
0.000219667
0.000240733
0.000249867
0.0002626
0.0002554
0.000253
0.000211233
0.000218033
0.0002318
0.000259033
0.000250833
0.0002512
0.000300633
0.000203967
0.0002403
0.0002453
0.000271367
0.000251267
0.000259933
0.000209233
0.000226733
0.000235567
0.000270567
0.000259567
0.000239567
0.000255867
0.000229867
0.0002436
0.00024
0.000259167
0.0002491
0.000242633
0.000203867
0.000224033
0.000247033
0.0002617
0.000266633
0.000260767
0.000274033
0.000217867
0.000252433
0.000258367
0.0002495
0.000245733
0.00127853
0.0002063
0.000219167
0.00024
0.000240667
0.000241267
0.000241233
0.0002628
0.000197033
0.000242033
0.000489233
0.000253967
0.0002453
0.0002683
0.0001939
0.000212
0.000239967
0.000257133
0.000253733
0.000241833
0.000260367
0.000217467
0.000233433
0.000248633
0.000266067
0.000257233
0.000254933
0.000138967
0.000225033
0.000247767
0.000246
0.000251267
0.000255067
0.000257933
0.000212033
0.0002262
0.000236767
0.0002629
0.000247333
0.0002836
0.000262767
0.000230533
0.000258433
0.000265733
0.000251633
0.000250567
0.000250533
0.000203733
0.000228167
0.0002474
0.000259767
0.000260967
0.000238167
0.000261133
0.0002171
0.000260767
0.000243733
0.000253567
0.000528133
0.0002521
0.0002024
0.000224833
0.000232
0.0002509
0.000279267
0.000263367
0.000254367
0.000216933
0.0005313
0.0002276
0.000265667
0.000256167
0.000234233
0.000189633
0.0002185
0.000274467
0.000248033
0.000250533
0.000255533
0.0002625
0.000209133
0.000222267
0.0002523
0.000261333
0.000251967
0.0002531
0.000164367
0.000219433
0.000239233
0.000251933
0.000261333
0.000263167
0.000275667
0.0002122
0.0002227
0.000249067
0.000267967
0.000231233
0.0002635
0.0002669
0.000205667
0.000243667
0.000251033
0.000272333
0.000263033
0.0002661
0.000197267
0.000218833
0.000228867
0.000259567
0.0002573
0.000266833
0.0002673
0.000226933
0.000244633
0.0002497
0.000265433
0.0002558
0.000267067
0.000208267
0.000227833
0.000251033
0.000253067
0.0002344
0.000261667
0.000289533
0.000206767
0.000240467
0.00294017
0.000254567
0.0002528
0.000256567
0.000200967
0.000231567
0.0002403
0.000264867
0.0002668
0.000266733
0.000296433
0.000206733
0.0002302
0.000250533
0.000267933
0.0002714
0.000277733
0.0001675
0.000220833
0.000251433
0.0002589
0.0002604
0.000261367
0.0002587
0.0002125
0.000222167
0.000248467
0.000254167
0.000254367
0.000248533
0.000255567
0.000220433
0.000238267
0.000257967
0.000261167
0.0002658
0.000251867
0.0002
0.000238067
0.0002387
0.000262433
0.0002652
0.000264667
0.0002595
0.000237867
0.000250067
0.0002432
0.000242933
0.0002667
0.000267067
0.0001992
0.0002271
0.000239533
0.000245767
0.0002492
0.000548133
0.000268733
0.0002146
0.000243467
0.000251933
0.000269967
0.000272867
0.000240367
0.000197267
0.000219333
0.0002513
0.000245633
0.0002697
0.0002646
0.000262167
0.0002184
0.000224567
0.000247433
0.000255767
0.0002627
0.000545533
0.000188733
0.000234333
0.000242367
0.000248333
0.0002673
0.000262033
0.000240333
0.000211233
0.000205867
0.000247667
0.000249767
0.000273567
0.000258567
0.000257933
0.000225267
0.000258633
0.0002491
0.000263833
0.0002748
0.000265533
0.000199067
0.000222133
0.000250733
0.000266067
0.000263733
0.000262367
0.000259233
0.000226533
0.0002501
0.000240867
0.000269633
0.0002777
0.000545067
0.000206233
0.000218
0.000245933
0.0002616
0.0002601
0.000259
0.000242867
0.000220367
0.000233433
0.0002498
0.000239167
0.000264633
0.000266133
0.000194933
0.000498267
0.000254833
0.0002332
0.000255767
0.000252433
0.0002691
0.000220067
0.000211533
0.0002443
0.000256533
0.000263867
0.0002691
0.00018
0.000223933
0.0002482
0.000259133
0.000261567
0.000263667
0.000266567
0.0001992
0.000217667
0.000239833
0.000263233
0.000258767
0.000267567
0.0002554
0.000231967
0.000253433
0.000228067
0.000279367
0.0002525
0.000274433
0.000216867
0.000236433
0.000257533
0.0002552
0.000268333
0.000258133
0.0002596
0.000244867
0.000250733
0.000260333
0.000260433
0.0002681
0.000339233
0.000207033
0.000599367
0.000251933
0.000264967
0.000268433
0.000259967
0.0002722
0.000230833
0.000254833
0.000254267
0.0002565
0.000250367
0.0002525
0.000212333
0.000208033
0.000263167
0.0002443
0.0002689
0.0002854
0.000262267
0.000225967
0.000248267
0.000248767
0.0002718
0.0002783
0.000271267
0.0001933
0.000231367
0.000242333
0.000241533
0.000290967
0.000264633
0.000260667
0.000216367
0.000219367
0.000246267
0.0002705
0.000253367
0.000280467
0.000261067
0.000231733
0.000244633
0.000241567
0.0002571
0.0002576
0.000272067
0.000203733
0.0002192
0.0002275
0.000255267
0.000269467
0.0002383
0.000274267
0.000217167
0.000246833
0.000242367
0.000238333
0.0002616
0.000242233
0.000213233
0.000214367
0.000246867
0.000264233
0.0002634
0.000260033
0.000257867
0.000213967
0.000242033
0.000242
0.000266133
0.000264767
0.000249633
0.000201733
0.000213633
0.000242733
0.000248167
0.000245467
0.000242733
0.000244867
0.000213467
0.000275033
0.000247667
0.000265367
0.0002637
0.0002669
0.000198133
0.0002187
0.000258067
0.000258367
0.000257433
0.0002712
0.000264367
0.000208733
0.000202667
0.000242067
0.000259067
0.0002588
0.000254567
0.000133667
0.000236
0.0002574
0.0002438
0.000265933
0.0002713
0.000260167
0.000197233
0.000222867
0.000254667
0.000238167
0.000257067
0.000261033
0.0002644
0.000220433
0.000263233
0.000253933
0.000255
0.0002616
0.0002762
0.000198133
0.000221567
0.0002435
0.000252067
0.000265933
0.000254467
0.0002544
0.0002307
0.000253933
0.000244833
0.000266233
0.0002651
0.000271767
0.000206233
0.000233733
0.0002621
0.000221067
0.000266133
0.000264467
0.0002669
0.0002225
0.0002524
0.000627867
0.000267067
0.000265167
0.000255533
0.000196433
0.000226533
0.000242733
0.000280633
0.000263367
0.000266867
0.000546933
0.0002254
0.000227467
0.0002266
0.000258833
0.0002569
0.0002302
0.000160033
0.0002257
0.0002531
0.0002518
0.000273667
0.000263633
0.0002564
0.000224533
0.000227333
0.0002496
0.000264167
0.000264
0.0002713
0.0002687
0.000225567
0.000255067
0.000244633
0.000259933
0.000267
0.000267133
0.000206133
0.0002068
0.000252167
0.000256567
0.0002639
0.000262467
0.000255867
0.0002223
0.000261333
0.0002801
0.0002812
0.000268767
0.000254967
0.000221233
0.000248933
0.000249767
0.0002571
0.0002535
0.000263167
0.0002711
0.0002053
0.000259133
0.000256633
0.000269733
0.000283633
0.0002609
0.000195967
0.0002171
0.0002488
0.000253033
0.000259267
0.000248133
0.000260733
0.000195267
0.000216167
0.000248467
0.000259667
0.0002369
0.0002682
0.0001663
0.000225733
0.000248767
0.000253133
0.000260467
0.000260533
0.000665233
0.000212033
0.0002246
0.000241967
0.0002369
0.000264067
0.000247433
0.000263033
0.000229467
0.000249333
0.000229967
0.000258067
0.000252567
0.000281933
0.000223933
0.000228833
0.000239233
0.0002663
0.000547133
0.0002518
0.000265867
0.000218
0.0002502
0.000227433
0.0002433
0.000263133
0.000263333
0.0002039
0.000763967
0.000249533
0.0002452
0.000276267
0.000261667
0.000257367
0.000208867
0.000239233
0.0002274
0.000288633
0.000255
0.0002828
0.000203233
0.0002191
0.00026
0.000299867
0.000255967
0.0002685
0.000271767
0.000248067
0.0002343
0.000270033
0.000262833
0.000285567
0.000262933
0.000184167
0.0002067
0.000250467
0.000223067
0.000247367
0.000530633
0.000265
0.000206167
0.000216367
0.000241567
0.000256067
0.000271833
0.000255233
0.000251867
0.000220533
0.000252067
0.000235833
0.0002512
0.0002478
0.000239467
0.000198
0.0002178
0.0002421
0.000255333
0.000253967
0.0002555
0.0002646
0.000225233
0.000238633
0.000241033
0.000254
0.000270367
0.0002436
0.000206833
0.0002239
0.000252333
0.000273367
0.0002559
0.000261
0.000254167
0.000210067
0.000251267
0.000233833
0.000570633
0.0002628
0.000252667
0.0001911
0.000221267
0.000239533
0.000249667
0.000252267
0.0002665
0.000259767
0.000583767
0.000228033
0.000255967
0.000256267
0.0002384
0.0002528
0.0001912
0.0002458
0.000251433
0.0002503
0.000256467
0.000267267
0.0002701
0.000500867
0.0002241
0.0002534
0.000266467
0.000253833
0.000272933
0.0002581
0.0002259
0.000247833
0.0002504
0.000241167
0.0002624
0.0002563
0.0002088
0.000225567
0.0002484
0.000270667
0.0006403
0.000247367
0.000265667
0.000218167
0.000250333
0.0002636
0.0002417
0.000254433
0.000270967
0.000206767
0.000203767
0.000257533
0.000255367
0.000257367
0.000270833
0.000255833
0.0002335
0.0002431
0.000248333
0.0002637
0.000260867
0.0002518
0.000189667
0.000221733
0.0002474
0.000276733
0.000258
0.000277633
0.000263967
0.000222
0.000230067
0.0002408
0.0002678
0.000255767
0.000263833
0.000181367
0.0002201
0.000252467
0.000248733
0.0002603
0.000250867
0.000262967
0.000208667
0.0002184
0.000247667
0.00027
0.000264867
0.000240633
0.0002731
0.0002319
0.000249367
0.000248933
0.000256433
0.000259567
0.000252833
0.000194933
0.000222667
0.000251233
0.0002331
0.000254567
0.000252567
0.0002504
0.000210133
0.000238
0.000237833
0.000262967
0.000264467
0.000262433
0.000206533
0.0002266
0.0002366
0.000266167
0.000248133
0.000251
0.000266033
0.000507033
0.000256467
0.000239433
0.000257567
0.000269667
0.0002538
0.0001952
0.0002261
0.000240133
0.000239467
0.000256433
0.000254533
0.000261033
0.000218667
0.0002546
0.0002522
0.000252733
0.000256633
0.0002411
0.0001948
0.000225033
0.000243467
0.0002541
0.0002554
0.0002522
0.0002626
0.0002091
0.000225967
0.000250167
0.000259167
0.0002626
0.000260967
0.000137267
0.000221433
0.000243133
0.000251267
0.000271833
0.000260933
0.0002644
0.000196667
0.000218233
0.000614733
0.000268067
0.0002572
0.000259
0.0002616
0.000226533
0.000255567
0.0002492
0.000257267
0.0002554
0.000255867
0.000203867
0.0002343
0.0002583
0.0002687
0.000252967
0.0002497
0.000258367
0.000209933
0.0002441
0.0002441
0.000253033
0.000286867
0.0002594
0.0001974
0.000220767
0.000218733
0.000240967
0.0002542
0.000252267
0.000267767
0.000221333
0.000246133
0.000261933
0.000259
0.000254833
0.000267733
0.000176967
0.000226333
0.000260167
0.0002326
0.000274833
0.0002607
0.000255167
0.0001969
0.000208967
0.000250967
0.000269833
0.000241533
0.000250833
0.000157533
0.0002228
0.000240767
0.0002384
0.0002699
0.000273167
0.000272133
0.000227767
0.000238167
0.000261933
0.000271367
0.000283033
0.000264767
0.0002912
0.000236433
0.000241333
0.0002427
0.000240033
0.000550367
0.000257533
0.0001863
0.0002187
0.000260967
0.0002419
0.000268967
0.0002788
0.000267067
0.000497167
0.000248467
0.000250467
0.0002624
0.000264667
0.000238733
0.000212867
0.000219
0.000245633
0.000247767
0.0002588
0.000259233
0.0002712
0.000207133
0.0002413
0.000251333
0.0002635
0.000254267
0.000253367
0.000201933
0.000217133
0.000245933
0.0002422
0.0002559
0.000250833
0.000253667
0.000222867
0.000226133
0.0002609
0.000250867
0.000236067
0.000237
0.0001717
0.000494767
0.000249933
0.000244033
0.000250267
0.000252867
0.0002526
0.000209467
0.0002257
0.000249067
0.000253067
0.000247933
0.0002538
0.000257267
0.000230867
0.0002522
0.0002488
0.000258667
0.000261367
0.0002631
0.000197133
0.000232933
0.0002555
0.000253233
0.000256333
0.0002646
0.0002748
0.0002213
0.000281533
0.000250333
0.000278567
0.000234067
0.000268
0.000198767
0.000218033
0.000225333
0.000246433
0.0002534
0.000250367
0.000262133
0.000215233
0.000248567
0.0002398
0.000261867
0.000265733
0.0002599
0.0002092
0.000220133
0.000267333
0.000253433
0.000262033
0.0002547
0.000259
0.0002123
0.000225333
0.0002461
0.0002563
0.000262833
0.0002584
0.000179833
0.0002228
0.0014832
0.000227633
0.000240667
0.000264033
0.0002516
0.000216833
0.000227333
0.0002421
0.0002556
0.000255433
0.0002566
0.000243567
0.000218767
0.000245033
0.000247
0.000269367
0.000261033
0.000251133
0.000212433
0.000218767
0.000281833
0.0002625
0.000277067
0.000258733
0.000254233
0.0002182
0.000241333
0.000245033
0.0002669
0.000256267
0.0002576
0.000205267
0.000216167
0.000250033
0.000248133
0.000260133
0.0002622
0.000255233
0.0002132
0.000244067
0.0002638
0.0002687
0.0002703
0.000255667
0.0001969
0.000230467
0.0002536
0.0003044
0.000261067
0.0002454
0.000242533
0.000197533
0.000224833
0.000246467
0.000253467
0.000255467
0.0002608
0.0001921
0.000207867
0.0002608
0.000246067
0.000259267
0.000272333
0.0002612
0.0002161
0.0002171
0.0002484
0.000249467
0.000260067
0.0002668
0.000254867
0.000225133
0.000249267
0.0002511
0.000259933
0.000262867
0.000280733
0.000210333
0.000220333
0.000239333
0.000261833
0.000257233
0.000247833
0.0002666
0.000232
0.000250733
0.000239
0.000263367
0.000251367
0.000255967
0.000207633
0.000219167
0.000252167
0.000263633
0.0002652
0.0002612
0.000278733
0.000220633
0.000264
0.000253867
0.000275833
0.000274967
0.0002654
0.000225967
0.000234267
0.000246
0.0002605
0.0002774
0.000269867
0.000261567
0.000240467
0.000237567
0.0002426
0.000264567
0.000260133
0.0002554
0.000184667
0.000231067
0.000249367
0.000250467
0.000259367
0.000273433
0.000261633
0.000211767
0.000218133
0.000243967
0.0002621
0.0002694
0.000270767
0.0002653
0.000221267
0.0002388
0.000248367
0.000248167
0.0002573
0.000272267
0.0002087
0.000221067
0.000233333
0.000264133
0.000265033
0.000268033
0.0002572
0.000227833
0.0002458
0.0002749
0.0002624
0.000237567
0.000263
0.0002348
0.000223567
0.0002311
0.000325033
0.0002324
0.000265433
0.000243967
0.000257967
0.000254867
0.0002507
0.000258
0.000268967
0.000255067
0.000216867
0.000234633
0.000240533
0.0002532
0.000260533
0.000266367
0.000271367
0.0001957
0.000249733
0.000253467
0.000237933
0.000257067
0.000259833
0.000190133
0.0002183
0.000241067
0.000239933
0.0002603
0.000545667
0.0002621
0.000211167
0.000227167
0.000258033
0.000551267
0.000259733
0.0002625
0.0001342
0.000221133
0.000256967
0.000255
0.000242167
0.0002534
0.0002643
0.000219267
0.000217367
0.0002432
0.0002546
0.0002524
0.000260833
0.000266167
0.000227167
0.0002448
0.000249
0.000255
0.0002593
0.0002711
0.0002003
0.000222
0.0002501
0.0002598
0.0002545
0.0002639
0.000266333
0.000218533
0.000260067
0.0002272
0.000268367
0.000253433
0.0002855
0.0002111
0.000214667
0.000242233
0.000247033
0.000253433
0.0002527
0.0002549
0.000217933
0.000251733
0.000230567
0.000262333
0.000261967
0.000262567
0.000193233
0.0002242
0.000252233
0.000244567
0.000252867
0.000253367
0.000253
0.0004936
0.000228433
0.000249433
0.0002638
0.0002588
0.000252467
0.000157633
0.000199567
0.000237933
0.000255767
0.0002597
0.000263267
0.000260733
0.0002147
0.0002267
0.000256833
0.000255467
0.000253233
0.0002692
0.0002784
0.0002228
0.000240067
0.000262567
0.000272567
0.000286567
0.000259733
0.0002003
0.0002089
0.000239467
0.000241033
0.0002367
0.0002531
0.000268333
0.000210933
0.000227667
0.000245667
0.000277533
0.000270933
0.0002786
0.000213467
0.0002367
0.0002632
0.000251467
0.000258933
0.0002803
0.0002808
0.0002285
0.0002589
0.0002625
0.000263333
0.000263467
0.0002613
0.000194433
0.0002175
0.000265533
0.0002662
0.0002639
0.0002675
0.0002707
0.0004987
0.000234967
0.0002509
0.000282967
0.000266233
0.000274
0.000179767
0.0002291
0.000259033
0.0002499
0.000240367
0.000265167
0.000266967
0.000220467
0.0005916
0.000257233
0.000269233
0.0002639
0.000266567
0.000263233
0.0002257
0.000257067
0.0002666
0.000266667
0.0002565
0.000263
0.0002265
0.000228533
0.000233633
0.000255333
0.000255867
0.0002657
0.000278633
0.000221867
0.000242933
0.0002492
0.000274967
0.0002676
0.000237167
0.000198533
0.000232
0.000663267
0.0002446
0.000252867
0.000263667
0.000269667
0.0002101
0.000253667
0.0002464
0.000260967
0.000263167
0.000263333
0.000190133
0.000226733
0.000259767
0.0002805
0.0002674
0.000254967
0.000267433
0.0002192
0.000238367
0.0002651
0.0002769
0.0002574
0.000275167
0.000187167
0.000227167
0.0002664
0.000262133
0.000265433
0.0002771
0.000275267
0.000235767
0.0002462
0.000261833
0.000264767
0.000265733
0.000268467
0.000269067
0.0002345
0.000259433
0.000256633
0.0002633
0.0002731
0.0002617
0.0002022
0.000229433
0.000251167
0.000239767
0.000268367
0.0002657
0.0002738
0.000233433
0.000259333
0.000230933
0.000265133
0.000270333
0.000239833
0.000199333
0.000210567
0.000260533
0.0002595
0.000264833
0.0002571
0.000268733
0.0002192
0.000255533
0.000266433
0.000270667
0.000273167
0.0002755
0.000206867
0.000223933
0.000265167
0.000248767
0.000269433
0.000257233
0.0002672
0.0002114
0.000243333
0.000266367
0.0002777
0.000266567
0.000270667
0.000185867
0.0002236
0.000246667
0.000232333
0.000266633
0.0002604
0.000259367
0.000218833
0.0002295
0.0002548
0.000243433
0.000283467
0.0002668
0.0002437
0.000223733
0.000256867
0.000255867
0.0002672
0.000267033
0.000246433
0.000241133
0.000228067
0.000269033
0.000273633
0.000263333
0.000272567
0.000277567
0.000235767
0.000253533
0.000255133
0.0002722
0.0002669
0.000275033
0.000215367
0.000234167
0.0002534
0.000281533
0.000269767
0.0002612
0.0002621
0.000215833
0.000253
0.0002477
0.000272733
0.000272567
0.0002739
0.000196333
0.0002355
0.000245933
0.000261533
0.000278
0.0002532
0.000280667
0.0002151
0.0002605
0.0002528
0.000256
0.000266067
0.000271067
0.000188267
0.000223433
0.0002589
0.000254333
0.0002638
0.0002681
0.000265433
0.000226233
0.000239633
0.000251233
0.0002623
0.0002646
0.000269733
0.000277367
0.000235633
0.000251667
0.000256933
0.000280867
0.000279333
0.000270267
0.000222967
0.000225233
0.000263433
0.0002698
0.000276233
0.000276133
0.000267433
0.000236633
0.000256733
0.0002629
0.0002741
0.000274867
0.0002665
0.000214867
0.0002071
0.000259667
0.0002805
0.000271533
0.0002629
0.000258733
0.0002153
0.000257333
0.000257567
0.000255867
0.000272567
0.000260833
0.000207733
0.000230867
0.0002546
0.000256033
0.0002616
0.000258667
0.000238333
0.000226167
0.000255933
0.000247067
0.000263267
0.0002603
0.000276533
0.000199533
0.0002335
0.0002467
0.0002574
0.0002639
0.0002742
0.0002548
0.0002097
0.0002409
0.000257167
0.000276733
0.0002862
0.000276
0.000107467
0.000233367
0.000302167
0.000273567
0.000267767
0.0002678
0.000257367
0.000209367
0.000229133
0.000253033
0.000264067
0.0002581
0.0002903
0.000261467
0.0002295
0.0002472
0.000255433
0.0002607
0.000272633
0.000274333
0.000218967
0.000226733
0.0002528
0.000680433
0.000274333
0.0002819
0.000264167
0.000232267
0.000245067
0.000246467
0.000269667
0.0002697
0.000264833
0.0001903
0.000220367
0.0002531
0.0002427
0.000257767
0.0002581
0.000265967
0.000195467
0.000228567
0.000243167
0.000279267
0.000257267
0.000266433
0.0001952
0.0002311
0.000259333
0.000254267
0.000265033
0.000257433
0.000238433
0.0002253
0.000220867
0.000249767
0.000548267
0.0002678
0.0002633
0.000165933
0.0002459
0.000258133
0.0002508
0.000279333
0.000256567
0.000277533
0.000214267
0.000230667
0.000253933
0.000269867
0.000271333
0.0002603
0.000283233
0.0002344
0.000241767
0.000255633
0.000266
0.0002965
0.000270533
0.000210333
0.0002325
0.000246667
0.000252467
0.000272767
0.0002559
0.000263433
0.0002182
0.000251467
0.000266467
0.0002401
0.000268967
0.000255133
0.000206
0.000222967
0.000257867
0.000251033
0.000256667
0.000254767
0.0002721
0.000219367
0.0002437
0.000249167
0.0002354
0.000272167
0.000253533
0.0001991
0.000235067
0.000251433
0.0002596
0.000244567
0.0002745
0.000266767
0.0002198
0.000237967
0.0002588
0.000291033
0.000278433
0.000265933
0.000170867
0.0002358
0.000259733
0.000270533
0.000267467
0.000299233
0.000558267
0.000225133
0.000228167
0.0002564
0.000276267
0.000279733
0.000253
0.000271133
0.0002279
0.000267233
0.000251467
0.0002697
0.0002658
0.000244267
0.000209933
0.000235533
0.000278867
0.000260767
0.000286333
0.0002586
0.000261767
0.000236033
0.0002439
0.000247867
0.0002683
0.000271933
0.000247
0.000198
0.000209667
0.000256133
0.0002499
0.000256367
0.0002647
0.0002645
0.000217033
0.0002444
0.0002337
0.0002414
0.000253433
0.0002504
0.000192567
0.000208667
0.000235
0.000247567
0.000253033
0.0002613
0.000255067
0.000234633
0.000234567
0.000285433
0.0002429
0.0002786
0.000250567
0.000191633
0.0002286
0.000264333
0.000262033
0.0002781
0.000284533
0.000283367
0.000223333
0.0002481
0.000267267
0.000257433
0.000285733
0.000260767
0.000262667
0.000224367
0.0002642
0.0002411
0.000269967
0.000250633
0.000265467
0.000208267
0.00113173
0.000241733
0.000269533
0.000258767
0.000254267
0.000272033
0.000206833
0.000260567
0.000255
0.000259967
0.000263533
0.000266667
0.000209233
0.000220367
0.000255333
0.000261933
0.000262567
0.0006645
0.0002841
0.000221467
0.0002514
0.000266567
0.000282533
0.000277267
0.000269833
0.0001975
0.0002246
0.0002609
0.0002522
0.000271767
0.0002529
0.000271867
0.000212233
0.000231867
0.0002614
0.000267367
0.000254533
0.000295133
0.000185067
0.000219133
0.000246133
0.0002525
0.0002696
0.000261767
0.000263967
0.0002134
0.000219733
0.000638867
0.000256667
0.0002824
0.000276567
0.000264
0.0002329
0.0002445
0.0002455
0.000262767
0.000279833
0.000282433
0.000201133
0.000228
0.0002513
0.000249133
0.000256167
0.000251133
0.0002649
0.000207867
0.0002469
0.000239733
0.0002548
0.000257067
0.000268
0.000199133
0.000220233
0.000244467
0.000237233
0.000243533
0.000242867
0.000266933
0.000211967
0.000248633
0.000250967
0.0002807
0.0002923
0.0002509
0.000192
0.0002098
0.000242633
0.000224333
0.000233733
0.000245733
0.0002514
0.0001963
0.0002562
0.000245733
0.000257767
0.0002662
0.000282533
0.000182133
0.000229433
0.000254933
0.000242967
0.000278833
0.000268733
0.000268633
0.000210733
0.0002113
0.0002645
0.000263733
0.000278533
0.0002864
0.0002667
0.000234533
0.0002763
0.000257067
0.0002508
0.000275067
0.0002713
0.000213333
0.0002314
0.0002553
0.0002616
0.000266167
0.000272233
0.000242767
0.000229533
0.0002562
0.0002522
0.000258067
0.000284367
0.0002691
0.000214933
0.000600867
0.000255633
0.000288667
0.000272733
0.0002745
0.000253833
0.000224
0.000264
0.000264133
0.000254
0.0002842
0.0002398
0.000201433
0.000237067
0.000247467
0.000252967
0.0002665
0.000552867
0.000267867
0.000218533
0.0002451
0.0002524
0.000263
0.0002724
0.000275933
0.0001946
0.000231867
0.000259267
0.0002484
0.000268933
0.0002718
0.000271167
0.000221667
0.000248933
0.0002606
0.000274567
0.0002787
0.000268167
0.000262733
0.000218933
0.000264367
0.0002455
0.000257167
0.0002777
0.000260867
0.000218767
0.000211033
0.000259567
0.0002584
0.000277533
0.000240867
0.0002573
0.000223033
0.0002592
0.000248333
0.0002781
0.0002763
0.0002731
0.000221967
0.000250333
0.0002431
0.000274933
0.000286
0.000270433
0.000276367
0.0002246
0.000259967
0.000251033
0.000263567
0.000254933
0.000257233
0.000205367
0.0002259
0.0002625
0.0002581
0.000265933
0.000266567
0.000260567
0.000222267
0.000249333
0.000252733
0.000293867
0.000258367
0.000270667
0.0002027
0.000232933
0.0002684
0.0002565
0.000244333
0.0002725
0.00108403
0.000215167
0.000223933
0.000251967
0.000262333
0.00027
0.0002558
0.0001607
0.000229133
0.0002421
0.000248167
0.0002625
0.000272433
0.000262767
0.0002185
0.000235067
0.000253
0.000258633
0.000271633
0.000300567
0.0002574
0.000220433
0.0002647
0.000234533
0.000297167
0.0002466
0.0002351
0.000204367
0.0002045
0.000255033
0.0002361
0.0002536
0.0002598
0.0002632
0.000213767
0.000235433
0.000234067
0.000251633
0.0002403
0.000265367
0.000184533
0.0002103
0.000256833
0.000255433
0.000259267
0.000242067
0.0002417
0.000208233
0.000248333
0.0002247
0.000235567
0.000263733
0.0002571
0.000187033
0.0002049
0.000233567
0.000243367
0.000261333
0.0002725
0.000257167
0.0002194
0.000204467
0.000246833
0.000274467
0.000238967
0.0002526
0.000167967
0.000233167
0.0002474
0.000230367
0.000242267
0.000260633
0.000234233
0.000209067
0.000220367
0.000224967
0.0002567
0.000288667
0.000253633
0.000233167
0.000206
0.0002515
0.000240433
0.000242667
0.000269333
0.0007076
0.000198433
0.000200333
0.000255033
0.000261967
0.000268467
0.000238167
0.000239767
0.000211333
0.000241733
0.000241033
0.000255567
0.000251133
0.000261067
0.0002026
0.000211267
0.0002513
0.000229667
0.0008424
0.000255
0.000268567
0.0001959
0.000249467
0.0002464
0.0002564
0.000238367
0.000258067
0.000176933
0.000224167
0.000257167
0.000223633
0.000268867
0.0002431
0.000276967
0.000212233
0.000234367
0.000223633
0.000248933
0.0002561
0.0002372
0.000180333
0.000201433
0.0002446
0.000247467
0.000235767
0.0002636
0.000240333
0.000211067
0.000216733
0.0002612
0.000233533
0.0002629
0.000238633
0.000263833
0.000233333
0.000236733
0.000229933
0.000266067
0.000258333
0.000238567
0.000209867
0.000209133
0.0002643
0.000257067
0.000241267
0.0002763
0.0002398
0.000200967
0.000233133
0.0002234
0.000240967
0.0002609
0.000252633
0.000208067
0.000222
0.000248767
0.000274433
0.000252467
0.0002623
0.000247733
0.000237767
0.0002293
0.000245367
0.000261667
0.000255933
0.000258567
0.000191367
0.0002172
0.0002281
0.000221667
0.0002548
0.0002612
0.0002406
0.000218133
0.0002122
0.000232633
0.000229767
0.0002356
0.0002636
0.000204367
0.0005277
0.000260733
0.000228733
0.000234367
0.000262067
0.000261633
0.000212467
0.000216267
0.000228467
0.0002442
0.000234933
0.000236333
0.0002669
0.000230133
0.000259
0.0002473
0.000272533
0.000256733
0.000263467
0.0002184
0.000230667
0.000245367
0.000278433
0.0002631
0.000238467
0.000551767
0.000202467
0.000716833
0.000224067
0.000235867
0.000237533
0.0002364
0.000201067
0.0002269
0.000244067
0.0002597
0.0002473
0.000275267
0.000268933
0.000218133
0.0002265
0.0002238
0.000249267
0.0002721
0.000237533
0.0001931
0.000220633
0.000232867
0.000227467
0.0002597
0.000261833
0.000255967
0.000197333
0.000224167
0.000248133
0.0002588
0.000253733
0.000257167
0.000175667
0.0002061
0.000248433
0.000230867
0.000270467
0.000256067
0.000243833
0.000213667
0.000225133
0.0002427
0.000234833
0.000259233
0.0002599
0.000236633
0.000201267
0.000220167
0.000223733
0.000245233
0.000269333
0.000256967
0.0002061
0.0007865
0.0002658
0.0002387
0.0002459
0.0002917
0.0002634
0.0002105
0.000250267
0.000252467
0.000261667
0.0002617
0.000239033
0.0002106
0.0002053
0.000241233
0.000255567
0.000245233
0.000271367
0.0002426
0.0002112
0.0002258
0.0002525
0.000268633
0.0002353
0.000274733
0.000204167
0.0002016
0.000264567
0.0002507
0.000256567
0.0002696
0.000259767
0.0002165
0.0002325
0.000246267
0.000270033
0.000273233
0.000261367
0.0001945
0.0002296
0.000226367
0.000245233
0.0002676
0.000257233
0.000265867
0.000214233
0.0002105
0.000236967
0.0002624
0.000256467
0.000255333
0.000258833
0.0002328
0.000248667
0.000260967
0.000264367
0.0002787
0.000259667
0.0002089
0.000662667
0.0002226
0.000247133
0.000260367
0.000267067
0.000245767
0.000233667
0.000248133
0.000242567
0.0002567
0.0002635
0.000231533
0.000203167
0.000238133
0.000233067
0.000263767
0.000262433
0.000270433
0.0002558
0.000210733
0.0002628
0.000247533
0.0002634
0.0002364
0.000236767
0.000206233
0.00023
0.000222
0.000262967
0.000275733
0.0002622
0.000264833
0.000225667
0.0002569
0.000229533
0.000237333
0.0002648
0.000254567
0.000174367
0.000223933
0.0002233
0.000231867
0.000271633
0.0002768
0.0002386
0.000215267
0.000202167
0.0002299
0.000256167
0.0002624
0.000245133
0.0001646
0.0002031
0.000250633
0.0002515
0.000236567
0.0002752
0.0002376
0.0002147
0.000204233
0.0002489
0.000261133
0.0002603
0.000232767
0.0002592
0.000519667
0.0002524
0.0002463
0.000280833
0.000270633
0.000262967
0.000205233
0.000225567
0.000226867
0.0002436
0.000241267
0.000259233
0.0002585
0.000215167
0.000237167
0.000262133
0.0002594
0.000233033
0.000241233
0.000212533
0.000212933
0.000244067
0.0002501
0.000255067
0.000254333
0.000247033
0.000219833
0.000226833
0.000241167
0.000263133
0.000238767
0.000258133
0.000195733
0.000202433
0.000247067
0.000257167
0.000262867
0.000233633
0.000262033
0.000199667
0.0002293
0.000241533
0.000239167
0.000259633
0.000241833
0.0001539
0.000212333
0.000258833
0.0002279
0.000248867
0.000241733
0.000261933
0.0002061
0.000215433
0.000219967
0.000249433
0.0002709
0.0002661
0.0002387
0.000221433
0.0002472
0.000232933
0.0002488
0.00026
0.000238133
0.0001883
0.000225533
0.0002377
0.000271267
0.000258733
0.000281067
0.000256567
0.000217
0.000248967
0.000241667
0.0002457
0.000259067
0.000242567
0.000194967
0.000228733
0.000235733
0.000230833
0.000258833
0.000267833
0.000257467
0.0002125
0.000221333
0.000503767
0.000272567
0.0002451
0.000232067
0.000199467
0.0002052
0.000247533
0.000253333
0.000233733
0.000233033
0.000255467
0.0002123
0.000208633
0.000256233
0.0002342
0.000242767
0.0002587
0.000165367
0.000226567
0.0002322
0.0002496
0.000271767
0.0002459
0.000247033
0.0001996
0.0002199
0.000245733
0.000246367
0.0002371
0.000266367
0.000237933
0.000227833
0.000225633
0.000249667
0.0002606
0.0002591
0.0002576
0.000191333
0.000235567
0.000234267
0.000235467
0.000253533
0.000270333
0.0002792
0.0002192
0.000233733
0.0005438
0.000233367
0.000258967
0.000229967
0.000189733
0.000218667
0.000230633
0.000311367
0.000242733
0.000245367
0.000248667
0.0002349
0.000244567
0.000223533
0.0002564
0.000254067
0.000255367
0.000206533
0.0002248
0.000245433
0.000245733
0.000236
0.0002439
0.000267233
0.0002245
0.0002247
0.000223133
0.000247533
0.0002603
0.0002733
0.000183767
0.000201633
0.000255367
0.000259267
0.0002561
0.000255667
0.000266167
0.000213567
0.0002292
0.000227967
0.000257367
0.0002389
0.000255567
0.000259333
0.000210467
0.000250133
0.000229733
0.000242467
0.0002359
0.0002355
0.0001851
0.000226433
0.000258933
0.000261933
0.000256433
0.000257433
0.0002622
0.000230567
0.000243233
0.000224333
0.000237967
0.0002592
0.000257933
0.000192567
0.000203933
0.000242867
0.000263133
0.000262333
0.000262033
0.000234133
0.000201033
0.0005019
0.000231967
0.0002605
0.000236633
0.000268
0.000175567
0.0002171
0.000247833
0.0002241
0.0002358
0.000264233
0.000270967
0.0002207
0.000255633
0.000248133
0.0002591
0.0002356
0.000237733
0.000179567
0.000227667
0.000224167
0.0002551
0.000255267
0.000652633
0.0002612
0.000221033
0.0002274
0.000232967
0.00112683
0.000235367
0.000269567
0.0006798
0.000212833
0.000266433
0.000527067
0.000254433
0.000239133
0.000234667
0.000195067
0.000250033
0.000232733
0.0002653
0.0002392
0.000268933
0.000237133
0.0002239
0.000258733
0.000231267
0.000272433
0.000259733
0.0002627
0.0001983
0.000220367
0.000231333
0.0002584
0.000266467
0.000238567
0.0002854
0.0002133
0.000235567
0.000251067
0.0002623
0.000230867
0.000245333
0.0002022
0.000208467
0.000223233
0.000247633
0.000272033
0.000260433
0.000238767
0.0001874
0.000278233
0.000255733
0.0002399
0.000237167
0.0002374
