0.0225051
0.0648774
0.109766
0.149982
0.188496
0.243254
0.276954
0.31655
0.367839
0.399785
0.448796
0.484254
0.532015
0.562814
0.609111
0.651769
0.682309
0.729922
0.765506
0.827117
0.842124
0.919223
0.918555
0.960711
1.01334
1.0458
1.09093
1.13802
1.20534
1.23436
1.29851
1.32245
1.36974
1.41223
1.45685
1.49757
1.54572
1.58682
1.63898
1.69604
1.71138
1.77471
1.78326
1.84021
1.89117
1.87937
1.91226
1.94164
1.96957
2.01515
2.06911
2.0986
2.1551
2.20558
2.25937
2.28508
2.33441
2.39139
2.39066
2.49107
2.53647
2.53477
2.59192
2.65566
2.66871
2.67826
2.75
2.79316
2.8097
2.90162
2.88022
2.90891
3.01422
3.0175
3.06556
3.10537
3.14612
3.18804
3.23095
3.27798
3.31185
3.38588
3.38755
3.43971
3.50286
3.55597
3.58584
3.60719
3.65354
3.71287
3.70495
3.74515
3.79931
3.81756
3.88458
3.91426
3.9679
3.99492
4.04587
4.06863
4.12232
4.17737
4.25904
4.26096
4.3225
4.34577
4.37064
4.41472
4.459
4.5312
4.54286
4.54547
4.64152
4.62624
4.6992
4.76841
4.77376
4.80621
4.85242
4.90949
4.93463
4.98008
5.02691
5.04677
5.08699
5.1383
5.19443
5.21684
5.33275
5.30387
5.3516
5.39079
5.45391
5.49638
5.55078
5.58458
5.62268
5.64443
5.70141
5.76013
5.76036
5.81961
5.81501
5.88737
5.9694
5.96008
5.99044
6.06818
6.09064
6.14075
6.15515
6.20371
6.24706
6.33104
6.35531
6.42959
6.41301
6.44508
6.50948
6.60042
6.62624
6.66686
6.66503
6.72319
6.80447
6.77058
6.83866
6.89839
6.96025
6.96011
7.04326
7.03752
7.09717
7.125
7.1852
7.21186
7.26697
7.28478
7.33963
7.39747
7.40542
7.48106
7.50198
7.55006
7.55504
7.63367
7.61305
7.6812
7.76461
7.77058
7.79972
7.8563
7.90833
7.9835
7.95503
8.02698
8.05759
8.08455
8.13473
8.15358
8.24656
8.28013
8.50216
8.32367
8.40804
8.49265
8.47784
8.50354
8.59489
8.61208
8.60071
8.65829
8.71309
8.74759
8.81594
8.8599
8.93749
9.01648
9.06947
9.02593
9.03957
9.04024
9.1636
9.16305
9.19309
9.24414
9.26129
9.31163
9.4005
9.42438
9.45205
9.50471
9.56628
9.56193
9.60367
9.7219
9.71073
9.68724
9.75413
9.82016
9.83176
9.93237
9.96216
9.99444
10.0208
10.0865
10.0828
10.1491
10.1508
10.2318
10.3206
10.3322
10.3326
10.4183
10.4125
10.4819
10.561
10.5442
10.5893
10.6511
10.6595
10.7063
10.7964
10.7968
10.8116
10.9271
10.9233
10.9472
11.0509
11.0588
11.0944
11.14
11.6431
11.6084
11.8397
11.831
11.7431
12.0491
11.9454
11.8101
11.985
11.6134
11.6194
11.634
11.6688
11.7138
11.778
11.7705
11.8184
11.8312
11.9038
12.0346
11.9964
12.0143
12.2138
12.1918
12.1184
12.2692
12.2487
12.2838
12.3001
12.3974
12.4183
12.5601
12.5339
12.5134
12.5788
12.6124
12.6351
12.7112
12.7242
12.785
12.8515
12.8558
12.923
12.9301
13.052
13.0139
13.1068
13.0954
13.1282
13.2051
13.2605
13.2417
13.2596
13.3747
13.3953
13.4808
13.4816
13.4878
13.5421
13.6177
13.6577
13.6682
13.7435
13.883
13.8341
13.857
13.8807
13.9629
14.0212
14.053
14.0442
14.0764
14.1298
14.1781
14.4615
14.4516
14.3867
14.4209
14.5021
14.4459
14.5134
14.5488
14.6124
14.6597
14.8607
14.7467
14.7139
14.7178
14.8506
14.8723
14.8773
14.8825
14.9343
14.9626
15.0602
15.038
15.1303
15.2037
15.2111
15.3074
15.2987
15.3201
15.3749
15.3673
15.4672
15.5011
15.4774
15.5715
15.6252
15.6346
15.6618
15.7303
15.7957
15.8316
15.8776
15.9
15.9472
15.9733
16.0546
16.0494
16.1067
16.0932
16.1351
16.236
16.2644
16.3591
16.3264
16.3869
16.717
16.4203
16.5356
16.5356
16.5709
16.5982
16.7001
16.8249
16.772
16.8616
16.8837
16.9534
16.9041
16.9443
16.978
17.0312
17.0743
17.0767
17.1911
17.233
17.2866
17.2205
17.3077
17.3535
17.3715
17.433
17.5582
17.5506
17.5354
17.584
17.636
17.6724
17.7682
17.8065
17.7827
17.8195
17.9087
17.9444
17.9971
17.9487
18.0169
18.0199
18.1019
18.1623
18.2062
18.2566
18.3149
18.3153
18.3645
18.3969
18.4589
18.5728
18.6599
18.6046
18.6457
18.6757
18.6439
18.7317
18.7856
18.8405
18.887
18.9105
18.9509
19.0338
19.0871
19.0725
19.1191
19.2224
19.2005
19.2435
19.3226
19.3602
19.3614
19.4158
19.4235
19.5194
19.4702
19.5726
19.5985
19.6588
19.6716
19.7003
19.7143
19.859
19.9084
19.8894
19.8608
20.0081
19.9727
20.0175
20.1278
20.1348
20.225
20.3102
20.28
20.2793
20.3631
20.3697
20.4628
20.4882
20.5484
20.5621
20.6575
20.6331
20.6468
20.747
20.7691
20.7787
20.8389
20.9239
20.9746
20.9888
21.0511
21.0503
21.1548
21.0741
21.2128
21.2032
21.2522
21.3616
21.402
21.3438
21.4196
21.4309
21.4714
21.5522
22.1641
21.6171
21.675
21.7476
21.7434
21.708
21.8392
21.9056
21.8842
21.867
21.9913
22.0622
22.3012
22.1516
22.1178
22.1817
22.196
22.3131
22.3672
22.3532
22.3594
22.4878
22.5157
22.4658
22.541
22.5959
22.7443
22.7038
22.6738
22.7268
22.7475
22.8461
22.8754
22.9454
22.9976
23.0683
23.0776
23.1034
23.212
23.1212
23.1898
23.3036
23.3496
23.3032
23.3735
23.4202
23.4059
23.5679
24.0123
24.2077
23.7906
23.6703
23.7474
23.7427
23.8644
23.8388
23.8803
23.8476
23.9723
24.0611
24.0182
24.1422
24.1757
24.113
24.362
24.6772
24.6366
24.4628
25.6056
24.8791
24.5987
24.5736
24.5266
24.6859
24.6256
24.7707
24.8737
24.9728
24.9005
24.8339
24.8482
24.9266
24.9823
25.0151
25.0167
25.0433
25.1358
25.2049
25.183
25.2084
25.262
25.3815
25.3061
25.4482
25.4764
25.5395
25.5436
25.5131
25.6068
25.6606
25.7059
25.7066
25.8358
25.943
25.9344
25.8574
25.9268
26.0576
26.0279
26.0763
26.1174
26.2557
26.2017
26.2161
26.3258
26.2924
26.2563
26.3777
26.4467
26.5415
26.494
26.5786
26.5662
26.5698
27.1121
26.769
26.8017
26.7475
26.9444
26.8839
27.4857
27.2839
27.1064
27.178
27.5505
27.2536
27.3564
27.413
27.4567
27.3879
27.4094
27.3526
27.4332
27.4957
27.6557
27.4909
27.5972
27.6226
27.6146
27.6717
27.7621
27.7759
27.8522
27.8708
27.8451
27.9461
27.9165
28.0794
28.0351
28.1141
28.5317
28.4745
28.3338
28.4502
28.411
28.5039
28.4938
28.4195
28.5227
28.4544
28.5964
29.3445
28.7794
28.8265
28.8569
28.9039
28.9936
28.8276
28.9626
28.9124
28.9231
29.0302
29.0161
29.0421
29.2214
29.1515
29.177
29.2317
29.3403
29.381
29.3336
29.401
29.3701
29.4572
29.5394
29.5826
29.5901
29.6573
29.6687
29.7784
29.8022
29.8674
29.8863
30.0404
29.9621
29.9484
30.0423
30.053
30.9377
30.7157
30.25
30.3526
30.4116
30.6231
30.4923
30.771
30.7545
30.6747
30.9104
30.7326
30.6572
30.7421
30.8608
30.8652
30.7612
30.8302
30.8779
31.4449
31.1146
31.1921
31.0657
31.1861
31.2758
31.3806
31.1679
31.2313
31.2647
31.4947
31.4351
31.3739
31.4055
31.3894
31.7744
31.4868
31.5857
31.5711
31.6109
31.9113
31.755
31.7141
32.5677
32.0149
32.1715
32.0436
32.1069
32.0471
32.268
32.1611
32.2579
32.2347
32.201
32.6114
32.5146
32.37
32.3687
32.4488
32.7006
32.5673
32.5276
32.5533
32.7355
32.7335
32.7369
33.106
33.116
33.4875
33.2912
33.2873
33.3512
33.4168
33.4861
33.51
33.5671
33.2561
33.5089
33.3176
33.4436
33.3812
33.4991
33.584
33.5342
33.7332
33.724
33.8641
33.5961
33.719
33.6612
33.7709
33.9443
33.839
33.8826
33.8987
34.2211
34.0046
34.1977
34.6161
34.6634
34.6788
34.6694
34.6702
34.6345
34.9868
34.7096
34.7678
34.4903
34.7499
34.6432
34.6192
34.6706
34.7221
34.7943
34.774
34.7438
34.8006
35.155
34.9041
34.8616
35.0452
35.1833
35.0691
35.1404
35.2276
35.1451
35.5239
35.2535
35.4991
35.305
35.6938
35.5025
35.4825
35.5029
35.7749
35.5645
35.6159
35.7227
35.8815
35.8951
35.8387
35.7404
35.9672
37.3426
36.1907
36.3076
36.7285
36.524
36.3967
36.3313
36.4167
36.5977
36.3427
36.3802
36.4453
36.6884
36.5359
36.559
36.6046
36.656
36.7442
36.8222
36.7474
37.0269
36.9179
36.8902
36.7786
37.0137
37.2232
37.0263
37.0066
37.0762
37.3616
37.1511
37.2056
37.2962
37.5045
37.3364
37.3269
37.4494
37.718
37.4199
37.5028
37.5913
37.8597
37.6324
37.7396
37.9181
38.0958
37.8852
37.8669
37.9406
38.1005
37.9138
38.0993
38.1208
38.403
38.1488
38.2061
38.2584
38.5311
38.3815
38.3573
38.4427
38.6598
38.4672
38.5419
38.5928
38.8601
38.8225
38.7206
38.6905
39.119
38.726
38.8862
38.9219
39.095
38.958
39.0927
39.1671
39.1087
39.0894
39.1188
39.3243
39.2533
39.2378
39.3519
39.5813
39.5655
39.5501
39.5338
39.8289
39.5794
39.6556
39.6597
39.9881
39.7644
39.8097
39.9141
40.0589
39.9235
40.0015
40.0693
40.1123
40.0362
40.1534
40.2866
40.2095
40.2029
40.4276
40.5959
40.3645
40.5083
40.519
40.7165
40.8066
40.587
40.7347
40.8239
40.8763
41.2064
41.0859
41.0154
41.0214
40.9547
41.1997
40.8966
41.1865
41.0612
41.1919
41.1802
41.3013
41.4711
41.3238
41.3989
41.4723
41.6794
41.4663
41.5061
41.5135
41.7829
41.7219
41.7103
41.8197
41.7323
41.744
41.9294
42.0348
41.9191
41.888
41.9631
42.13
42.0504
42.0389
42.4111
42.2363
42.2385
42.282
42.4725
42.3444
42.4019
42.6282
42.4603
42.5761
42.5723
42.901
42.6553
42.7545
42.8087
42.7666
42.7783
42.785
43.3167
42.9192
43.0497
43.098
43.1011
43.0256
43.1469
43.4211
43.1895
43.2653
43.3497
43.4595
43.4083
43.5085
43.7009
43.4537
43.5094
43.6927
43.8294
43.6503
43.7217
43.901
43.781
43.9907
43.9475
43.963
43.9561
43.9502
44.1669
44.1585
44.1179
44.3448
44.1643
44.2025
44.3293
44.5676
44.3355
44.3749
44.6967
44.5252
44.507
44.6525
44.731
44.5826
44.7148
45.0019
44.9603
44.6595
44.8747
44.9924
44.8873
44.8656
45.3035
46.236
45.8377
45.9662
45.4867
45.8748
45.3883
45.4336
45.4269
45.4277
45.7302
45.5734
45.5155
45.7717
45.6271
45.904
45.7858
45.7593
45.6696
45.7531
46.0664
45.8823
45.8773
46.234
45.986
46.0522
46.2696
46.1501
46.142
46.1371
46.9565
46.2664
46.3908
46.6509
46.4375
46.7768
46.9278
46.5077
46.517
46.7469
46.7126
46.6692
46.7498
47.1624
46.8672
46.9729
47.2135
47.0041
46.973
47.3102
47.2119
47.1857
47.2531
47.2299
47.314
47.3191
47.4096
47.3785
47.4083
47.6381
47.4861
47.4296
47.8964
47.7416
47.6217
47.922
47.737
48.0078
48.3744
48.0811
48.1385
48.2087
48.0604
48.0281
48.0805
48.3603
48.1712
48.1222
48.5593
48.1985
48.2834
48.5155
48.6248
48.4641
48.7414
48.4825
48.5483
48.7522
48.636
48.669
48.9794
48.8254
48.828
49.054
48.9516
48.9111
49.1635
48.9974
49.0038
49.0148
49.2974
49.2398
49.3884
49.4371
49.2969
49.3811
49.5829
49.3718
49.4349
49.8438
49.5753
49.5898
49.8655
49.6888
49.6312
49.9477
49.7668
49.7788
50.1613
49.8085
50.0932
50.35
50.0726
50.0604
50.4674
50.126
50.2787
50.4677
50.3228
50.3132
50.607
50.3722
50.6055
50.7006
50.4392
50.4617
50.9237
50.5179
50.7346
51.1042
50.7775
50.9213
51.0192
50.8793
50.9311
51.2726
51.0334
51.1037
51.3613
51.2443
51.1791
51.5817
51.219
51.361
51.568
51.3442
51.5193
52.1152
51.5359
51.511
51.7594
51.9157
51.9554
51.8436
51.7393
51.7139
52.0183
51.8793
52.0483
52.1934
51.9589
52.1923
52.5981
52.2969
52.5205
52.3046
52.2399
52.4463
52.3821
52.2577
52.6496
52.5501
52.4595
52.7237
52.5852
53.3847
53.0361
52.6713
52.8399
52.9577
52.7731
52.8986
53.1376
52.9825
53.1464
53.2602
53.1329
53.2932
53.2212
53.0358
53.4237
53.3614
53.3734
53.548
53.3565
53.5126
53.6641
53.4364
54.1451
53.8826
53.658
54.2965
54.5304
54.211
54.0975
54.0091
53.9216
54.065
53.9791
54.0236
54.3183
54.2
54.2255
54.5854
54.3175
54.2394
54.5446
54.5558
54.3668
54.4757
54.6232
54.7106
54.5775
54.6055
54.8447
54.6965
54.62
55.0243
54.7549
54.8909
55.0502
54.9617
55.0274
55.0829
55.2451
55.2465
55.0919
55.1604
55.4822
55.2386
55.2446
55.5293
55.4367
56.1308
55.7902
55.6813
55.8572
55.6208
55.5731
55.9166
55.8282
55.8575
55.976
55.832
56.0857
55.8321
56.0307
56.091
56.037
55.9979
56.3854
56.1499
56.4924
56.2332
56.1649
56.4956
56.2303
56.5649
56.6948
56.4396
56.5929
56.6286
56.6051
56.7868
56.5909
56.6415
57.0508
56.7855
56.9105
56.9074
56.8547
57.1916
56.9503
56.952
57.3214
57.1032
57.4025
57.2554
57.1694
57.5437
57.4185
57.4078
57.6013
57.5659
57.923
57.8404
57.8254
57.8351
57.6817
57.7255
58.0679
57.7897
57.9511
57.9825
57.9469
58.1899
57.983
58.0839
58.1474
58.0298
58.3152
58.1363
58.3409
58.6038
58.2494
58.5065
58.6285
58.3741
58.8873
58.5031
58.6956
58.6518
58.6416
59.0049
58.6294
58.675
59.0276
58.7757
59.0486
58.8588
59.1041
59.3376
59.1467
59.3047
59.2379
59.1736
60.0957
59.2448
59.226
59.4593
59.3268
59.6259
59.3986
59.5615
59.9327
59.5674
59.8118
59.9155
60.182
60.2286
60.0103
60.0788
59.9209
59.9162
60.1739
60.0163
60.3183
60.0967
60.1404
60.3147
60.2167
60.3552
60.3326
60.5933
60.6668
60.3566
60.7426
60.5727
60.6062
60.8429
61.3466
60.9594
60.9763
60.8509
61.2224
60.81
60.9739
60.8863
61.0154
61.4047
60.977
61.245
61.0214
61.2006
61.2592
61.1662
61.4927
61.3193
61.2697
61.618
61.4434
61.749
61.5569
61.5865
61.9628
61.6477
61.8437
61.7822
61.7928
62.0166
61.7663
62.1415
62.0172
61.9537
62.1236
62.0567
62.2845
62.3402
62.3161
62.1762
62.2871
62.4035
62.2733
62.6429
62.4049
62.4279
62.697
62.5202
62.7825
62.6776
62.5703
62.9178
62.6893
63.0921
62.9614
62.9682
62.9682
62.9314
63.3033
62.9611
63.3919
63.1461
63.3101
63.4111
63.7942
63.6944
63.6262
63.5573
63.5666
63.5259
63.732
63.5993
63.7612
63.6097
63.6908
63.7318
63.7271
64.0168
63.8214
64.1238
63.9171
63.9045
64.1742
64.07
65.2787
64.3046
65.2856
64.5833
66.6856
65.6983
65.356
64.0984
67.6983
67.7035
68.1913
65.4421
68.7218
67.153
65.4866
67.2548
65.0943
63.9259
64.7847
66.9189
68.981
69.3916
69.4233
69.772
69.5461
69.5227
69.5582
69.3258
70.004
69.6287
71.7281
72.1886
72.5027
71.108
71.8595
71.8515
72.6554
70.7137
71.0493
71.8191
70.8257
71.2513
71.097
71.0067
70.4469
71.21
70.3783
70.5923
70.8404
70.7762
70.8971
70.9479
74.6111
72.0362
72.9614
73.2906
73.5378
72.9932
74.2768
74.4594
74.5338
74.3065
72.5426
71.2712
72.0796
72.2618
72.3558
72.3897
72.2979
72.399
71.8865
72.4353
73.0751
75.0613
74.3412
71.5472
71.5032
72.3069
71.9352
72.4429
72.1155
72.0773
72.4427
72.3154
72.6051
74.0465
73.0722
73.2953
73.4078
72.8669
72.8529
72.8808
72.8081
73.0798
73.1844
73.312
73.0677
73.1528
72.9735
72.3753
72.4733
72.4526
72.5957
72.7103
73.0087
72.6406
72.9405
72.5624
73.2608
73.8368
73.8782
74.4317
74.3614
73.8807
75.8599
76.2828
75.8252
76.3824
75.1776
73.3595
73.5688
74.2712
73.4021
73.3946
73.7518
73.7384
73.588
73.8284
74.1419
73.3219
73.3997
73.8075
73.8454
74.5218
73.8306
73.9157
74.5569
74.5888
74.1512
74.1794
73.6312
74.0455
74.2273
73.953
73.9926
74.2239
74.3427
73.9021
74.8488
75.1074
72.515
73.0379
71.386
71.4595
72.4504
71.1761
71.9902
71.9627
71.7434
70.9669
71.1897
70.9783
71.1318
72.7008
71.8338
73.8149
74.3453
72.4674
71.9864
71.9488
73.8422
73.4936
73.2388
71.0122
71.3251
71.8006
70.05
71.4268
72.9491
74.6202
73.5905
74.0175
76.6883
77.4671
77.2918
77.3493
77.3419
78.5378
78.6186
79.3257
78.6295
78.2547
76.755
76.744
78.9126
80.5768
78.889
75.8281
75.4397
75.5575
77.3141
77.9168
77.441
77.5247
77.4174
77.58
77.8836
77.37
77.815
79.3378
78.9701
76.6673
76.0233
75.9297
78.0584
78.3882
77.4025
77.0191
77.3226
78.5248
78.5263
78.3275
78.3173
78.8037
77.4381
77.1952
78.6002
77.931
77.8385
78.3746
78.3607
78.2194
78.5992
79.4163
78.6905
78.4289
79.9792
81.1835
80.2741
79.4827
78.5155
77.4254
77.3845
77.7558
78.9387
79.6394
79.471
79.7139
78.8103
78.7331
79.5777
79.5483
78.8853
78.8355
79.5963
78.7726
79.7128
78.6358
77.8579
77.9989
77.9758
80.1403
78.1261
79.0622
79.0849
80.0262
79.7104
79.9174
79.2681
78.5121
80.329
79.183
79.7057
80.4673
80.9474
80.6348
80.3486
78.7086
79.8353
79.069
79.6775
79.953
80.2746
79.4474
80.8856
80.9147
80.5335
80.5646
80.8113
80.863
80.5673
79.8963
80.6215
82.0377
81.1888
81.44
81.5745
80.7358
81.4947
81.9877
80.0755
81.3265
82.2101
81.8113
80.5766
80.8511
80.0232
80.0955
81.1039
80.208
79.9879
80.9998
81.2183
81.3735
82.0179
81.9556
81.5727
81.5932
81.612
81.5457
82.4848
81.2533
81.3723
81.1289
81.3195
81.6133
81.6324
81.918
81.4894
81.5376
81.0726
81.3665
81.1498
81.2082
81.1064
81.7082
81.2961
81.4757
81.0926
81.2987
81.4938
81.9294
84.4928
84.7814
83.8972
84.2849
83.0956
82.9234
82.5854
83.0395
83.6789
83.1434
83.3745
83.4135
83.8089
83.5486
83.2201
84.0189
83.1544
83.2471
83.688
83.3039
82.6266
83.4451
83.4084
83.2965
83.3894
84.5074
83.7966
85.1085
84.7049
84.9267
84.7372
84.2702
84.5421
85.0625
83.5926
83.9971
83.7921
83.4108
83.7658
83.4186
83.7023
83.7628
83.8867
84.3246
85.8567
85.3468
85.756
85.3877
84.0329
85.5288
85.7472
86.4547
85.8852
87.1919
85.8658
86.0048
85.2517
86.2789
86.7551
85.7137
86.0648
85.2726
84.8496
85.8671
84.9327
84.8794
84.7287
84.9804
86.1846
86.9645
85.9369
87.218
87.4918
87.0682
87.3486
87.7762
86.482
87.4905
87.3668
86.3527
86.5804
87.5313
86.1979
87.896
86.2429
86.4834
85.2564
85.164
85.4401
85.7358
87.1591
86.0851
87.3456
86.4139
86.2165
87.4206
86.3793
86.9232
87.1333
86.3383
86.1173
86.598
86.2783
86.5854
86.9576
87.4805
87.4043
87.5058
87.7427
87.222
87.938
88.5218
88.2785
88.3896
88.0087
87.6524
88.0525
88.7928
88.2323
87.9053
88.0242
88.2438
87.9303
88.2379
87.7257
88.311
88.8509
88.9292
88.4975
88.2768
88.59
87.2337
88.4793
88.1869
89.3847
87.5283
87.396
89.3518
89.6252
88.7161
87.7803
89.1931
90.0186
88.6379
89.7067
89.6136
89.3349
90.1931
88.9683
89.9178
89.287
88.1574
88.2271
88.2769
89.3456
89.2604
90.3234
88.7438
90.184
90.0912
90.8374
90.9647
93.5772
90.7483
92.2203
90.7058
91.8199
92.0477
90.7575
91.4347
91.1472
91.2214
91.8162
89.4582
91.291
91.2838
91.7773
92.3758
92.3012
92.5848
92.3163
92.5859
92.4045
92.0053
91.7511
92.0322
91.7022
91.7606
91.7232
92.0866
91.9072
92.212
92.1146
92.5147
91.9898
90.2928
89.9854
90.9359
91.8426
91.2235
91.7193
89.9528
89.756
89.877
89.7916
89.6512
89.9198
92.607
91.4386
91.0873
92.8859
92.7866
92.7896
93.1082
93.3875
93.1289
92.5219
92.0029
93.0845
92.2131
91.9319
92.7709
92.0092
96.2331
92.5152
93.6852
92.4668
91.6098
91.4731
93.0307
92.941
94.0088
92.8571
92.964
92.1026
91.9455
92.2973
92.4654
92.7528
92.6564
91.8752
92.4898
93.2361
94.053
93.3873
92.9688
92.7269
93.1576
93.6786
94.1791
93.3546
92.5068
92.8033
93.2164
92.135
92.004
92.1909
92.2501
92.2307
92.4414
92.6881
92.4161
92.8702
93.2404
93.9039
94.6642
93.6741
94.9977
94.7841
94.4423
94.4566
94.6719
94.7484
95.3684
95.2262
94.4194
93.7685
93.4768
94.0287
93.3869
93.6139
94.3857
92.9479
93.2905
93.4684
93.4562
93.4863
93.658
93.5964
93.3881
93.7562
93.5549
93.6039
93.5292
93.6481
94.3162
94.4942
94.05
93.9284
94.0211
94.6823
94.3938
94.4766
94.7761
94.9608
94.8285
94.8098
96.7899
97.7113
96.789
96.5871
96.7303
96.6077
100.92
97.6656
98.429
96.9702
96.4589
96.9672
96.0485
96.2877
97.0631
96.7096
97.3268
97.072
97.3783
97.9428
97.0766
97.9769
98.4832
99.9023
98.0264
97.9103
101.002
101.004
101.43
100.853
100.788
100.388
98.1599
96.9469
97.5061
97.3886
98.7378
97.6699
97.3399
97.138
97.7398
97.6414
97.6068
98.1482
97.9832
98.2424
97.8755
97.8848
97.7782
98.558
98.4141
99.8376
100.46
101.02
100.514
101.194
101.103
102.484
102.287
100.631
99.7291
98.2892
98.5185
98.9324
99.2802
99.7043
99.3687
98.7784
99.1943
99.7645
100.294
100.33
100.23
100.075
99.5635
99.7227
100.181
99.5892
100.755
100.281
99.3711
99.6503
98.834
98.3228
98.6194
98.5293
98.55
98.5772
100.162
99.2112
98.5335
99.563
100.76
100.494
100.664
100.961
101.046
100.826
101.481
101.581
101.5
101.74
101.621
101.899
101.733
101.982
101.783
102.216
101.953
101.886
101.617
101.817
101.008
102.033
99.6981
102.241
102.445
102.557
102.248
101.839
100.779
101.358
101.802
101.862
102.918
103.797
102.494
102.141
100.905
102.608
102.464
101.459
102.595
101.047
102.483
102.759
102.76
102.22
102.849
104.057
106.168
103.066
104.852
99.5824
100.974
99.9596
98.9455
101.981
102.405
97.5116
97.6012
97.0985
97.7968
97.426
98.0973
97.4298
96.9631
97.9281
101.053
101.876
101.554
101.716
101.468
101.374
101.315
101.637
101.319
101.654
101.239
101.776
101.159
101.317
99.9376
99.4413
98.0332
99.2
97.6988
99.5061
102.399
99.397
100.577
98.983
97.1281
97.3765
96.9475
98.5647
99.4546
97.8317
97.8117
97.9827
98.2276
99.9483
98.9896
99.1956
99.003
102.401
102.22
103.767
105.19
102.749
99.0499
99.7829
98.5035
96.8299
104.141
101.24
101.626
101.354
103.152
102.534
104.505
104.116
101.924
104.989
103.485
103.959
103.742
103.412
103.658
103.769
103.724
102.268
100.419
100.661
100.832
100.532
99.5725
99.9997
101.516
103.602
105.428
104.355
105.429
101.188
100.04
101.398
104.008
99.6184
96.8162
97.0751
100.027
104.344
103.554
99.8607
103.042
102.506
103.935
103.808
107.855
107.575
104.252
104.047
106.568
104.29
104.126
105.753
109.855
110.957
105.622
104.72
104.208
106.663
104.874
100.827
105.069
105.276
101.529
99.5536
98.532
101.238
102.067
96.9999
106.547
104.157
105.954
103.161
103.244
104.799
104.612
103.756
104.139
105.536
103.054
104.343
104.741
103.173
100.623
101.357
101.213
101.126
101.539
102.177
103.085
103.915
103.488
101.149
103.068
103.546
104.87
103.374
102.686
102.06
103.159
103.216
103.493
103.498
101.729
102.181
101.571
103.255
103.421
104.617
104.286
104.77
103.753
103.898
104.405
104.547
103.031
107.393
104.488
103.928
103.815
107.929
106.005
103.868
104.021
103.687
103.42
103.797
102.697
104.455
103.201
102.974
103.152
106.335
109.243
111.273
111.509
110.206
110.134
110.631
111.293
110.002
107.439
107.149
109.208
110.237
110.726
111.337
109.497
108.286
107.44
108.907
107.748
107.107
106.892
108.396
110.239
108.12
107.402
104.821
105.377
106.749
105.932
109.328
111.129
113.763
114.641
111.91
113.048
111.539
108.239
108.264
107.52
108.167
107.51
109.042
110.219
111.318
109.712
106.647
107.353
111.062
108.798
111.336
114.723
112.719
109.414
110.045
109.604
109.145
106.013
109.389
112.331
111.069
111.931
110.216
109.822
109.019
107.906
108.544
106.784
108.214
107.685
108.698
108
108.42
108.493
108.216
111.758
111.802
110.959
114.172
113.811
113.515
113.153
114.532
113.356
113.321
114.027
112.143
113.927
110.689
114.539
113.829
113.51
113.867
114.246
114.241
113.748
113.629
114.592
114.134
113.964
114.118
114.521
114.967
114.003
114.314
115.633
114.267
111.045
111.742
108.95
108.373
107.708
110.661
109.344
108.856
109.882
107.886
110.443
109.168
112.122
110.53
109.638
108.024
112.53
109.513
109.388
110.128
109.686
110.141
109.702
110.523
112.951
114.143
108.074
112.414
109.384
110.934
108.696
109.089
114.086
116.092
114.772
114.906
116.836
117.138
114.25
112.662
112.692
112.49
115.902
117.504
114.624
112.403
110.791
109.249
112.706
116.518
117.457
117.178
116.077
115.641
118.268
117.859
113.538
113.565
111.759
110.677
113.671
115.385
115.619
117.409
118.77
119.81
119.191
118.753
119.135
119.218
119.131
119.041
118.692
118.938
119.289
119.207
119.578
119.314
119.05
119.397
118.822
119.101
119.153
119.041
119.138
119.026
119.2
119.367
119.457
119.64
119.628
119.657
119.797
119.788
120.388
120.475
119.894
120.065
118.382
117.757
113.766
116.336
117.753
114.427
118.105
116.325
118.255
118.425
117.18
118.339
117.032
119.438
112.628
112.056
110.017
116.153
121.054
116.441
121.371
123.811
120.568
120.67
118.554
117.876
118.377
117.754
118.291
118.135
118.435
120.922
118.248
118.331
118.458
118.036
118.787
118.5
120.244
120.058
118.63
118.755
119.153
118.91
119.048
119.511
121.207
119.332
118.591
119.03
119.135
118.788
119.424
121.119
120.657
119.49
118.936
119.323
119.394
118.985
120.42
122.102
119.511
119.723
119.216
119.453
119.896
119.473
120.062
119.881
119.315
120.225
120.066
119.926
120.029
119.945
122.348
120.315
119.624
120.617
120.089
120.16
120.768
121.791
122.154
120.266
120.235
120.698
120.894
120.797
121.5
122.78
120.744
120.619
120.617
120.856
120.897
120.56
123.302
122.404
123.318
121.465
120.77
121.429
121.403
122.832
123.713
121.396
121.247
122.245
121.682
121.967
122.183
123.87
121.914
122.209
121.376
121.79
121.854
121.772
124.83
123.189
121.643
122.429
121.992
121.962
122.802
123.02
124.899
122.505
122.2
122.485
122.562
122.414
122.939
125.138
123.008
123.121
122.447
122.739
123.391
122.623
125.012
122.759
125.149
125.22
121.226
119.35
118.992
119.97
118.751
117.46
122.184
126.622
126.098
124.354
124.039
126.989
122.183
124.4
125.551
123.919
123.489
123.781
124.209
123.175
123.08
120.662
121.338
121.937
120.692
124.171
122.694
127.199
124.967
128.593
130.041
127.336
128.678
130.249
126.045
125.039
124.578
124.718
124.596
125.085
127.295
124.605
124.968
124.877
124.806
124.96
125.232
127.115
126.493
125.293
124.804
125.341
125.145
125.183
128.761
127.329
125.331
125.471
125.382
125.384
126.189
128.189
124.124
125.63
122.938
123.278
124.006
122.81
128.272
128.407
125.589
125.68
126.899
125.587
126.181
127.092
128.363
126.103
126.41
125.806
126.064
126.562
126.44
129.275
126.671
126.374
126.632
126.739
126.092
126.866
129.474
126.34
126.587
126.886
126.677
126.61
126.96
129.763
127.035
127.003
126.609
127.173
127.548
127.476
130.498
130.663
129.981
132.238
131.676
130.906
129.914
128.717
129.339
129.585
132.733
129.358
128.783
129.146
129.923
127.957
131.338
130.363
127.222
127.24
130.754
129.86
130.45
129.383
130.767
129.114
130.582
130.143
128.632
126.3
125.745
127.745
125.394
126.202
127.734
126.195
126.691
124.963
128.349
130.889
129.895
129.229
129.144
129.293
126.737
126.114
125.169
127.394
128.643
132.999
133.319
134.219
131.37
130.311
130.342
129.655
130.196
130.405
130.319
131.724
133.078
133.629
128.932
129.29
133.91
130.742
129.136
128.663
125.326
131.851
134.056
132.505
133.504
131.671
132.505
132.07
131.696
131.582
131.812
132.578
131.484
131.409
131.067
130.668
130.652
131.193
131.544
130.556
131.363
131.165
130.924
131.37
131.128
131.181
131.24
131.636
131.215
131.578
132.006
131.345
131.533
133.525
132.263
132.387
129.708
131.425
128.029
133.499
129.384
133.897
133.76
133.182
132.313
132.478
132.934
132.291
132.413
132.517
132.427
132.228
132.835
132.773
132.431
132.712
133.109
132.396
132.636
133.31
132.658
132.807
133.044
133.263
135.52
136.694
134.513
135.265
135.058
135.548
133.692
132.927
138.912
138.656
137.917
136.214
136.613
137.031
132.882
133.151
132.196
132.397
132.003
132.846
133.773
131.919
133.618
134.32
134.818
133.599
133.982
135.216
134.609
133.611
134.053
134.234
133.622
134.069
133.774
134.384
134.175
134.1
134.322
134.176
134.35
134.183
135.071
134.482
134.67
134.531
134.58
134.539
134.327
134.8
134.502
135.033
134.907
135.063
134.991
135.209
134.974
134.958
135.165
135.047
135.576
135.271
135.665
135.358
135.468
135.291
135.389
135.328
135.514
135.529
136.095
138.063
135.661
136.334
135.915
136.007
135.835
135.902
136.071
135.962
135.861
136.056
136.521
135.766
136.367
136.35
136.435
136.033
137.117
136.522
136.368
137.039
136.503
136.383
136.247
136.951
136.788
136.695
136.498
137.187
137.406
137.362
137.523
137.409
137.342
136.885
137.545
137.447
137.416
140.074
135.401
134.906
134.551
136.889
140.519
140.689
139.326
138.048
137.8
138.373
137.415
138.04
138.538
137.931
138.549
138.045
138.074
138.03
138.09
138.055
138.961
138.546
138.546
138.347
138.639
138.521
138.506
138.548
138.679
139.49
135.209
137.591
134.568
139.6
136.651
136.291
139.739
139.561
139.056
139.356
139.362
138.903
139.287
139.144
139.532
139.172
139.949
139.621
139.568
139.395
139.766
139.32
139.619
139.706
139.614
139.584
139.696
140.079
139.908
140.432
139.831
139.636
139.788
139.998
141.493
140.761
140.271
140.344
140.425
140.075
140.789
140.465
141.065
140.221
140.412
140.407
140.724
140.503
141.137
140.497
140.901
140.885
141.112
140.905
140.858
140.86
141.353
141.311
141.008
141.245
141.109
141.626
141.012
142.854
146.38
145.257
140.002
140.443
140.288
140.792
140.382
140.369
140.366
140.425
140.498
140.338
140.728
140.644
141.119
140.789
141.121
140.764
141.088
140.857
141.646
140.853
141.224
141.247
141.235
141.489
141.256
141.5
141.048
141.869
141.566
141.69
141.641
142.339
141.998
141.496
141.764
142.056
141.635
142.096
141.869
142.138
142.125
142.056
141.936
141.992
142.606
141.833
142.491
141.932
142.378
142.225
142.337
142.203
142.602
142.426
142.312
142.315
142.789
142.753
142.598
142.736
142.692
142.676
143.14
143.059
142.946
143.194
142.933
142.712
143.082
145.612
142.864
143.689
142.823
143.054
143.227
143.645
143.297
143.56
143.69
143.524
143.602
143.502
144.311
143.678
144.168
143.861
144.144
143.886
144.126
143.77
144.555
144.431
144.049
144.295
144.661
144.395
144.668
144.157
146.248
147.823
145.981
144.689
144.807
144.734
144.753
145.399
144.556
145.008
146.304
150.212
148.949
148.284
149.034
149.615
146.416
146.432
146.09
146.468
146.196
146.688
146.514
147.004
146.472
146.851
146.556
146.748
146.648
146.906
151.624
150.75
156.817
153.282
151.38
153.94
149.318
148.446
148.434
152.398
151.013
149.826
150.751
149
148.179
148.571
148.163
148.572
148.255
148.403
148.002
148.399
148.026
148.486
148.026
148.121
148.149
148.656
148.756
148.64
148.539
148.293
148.472
152.772
152.242
151.982
152.355
152.11
152.115
151.906
150.493
150.49
149.106
150.169
150.349
154.019
152.007
151.774
152.277
152.692
151.775
152.169
151.725
152.737
152.12
148.528
148.498
148.536
148.442
148.838
148.385
148.637
147.958
148.645
148.37
148.875
148.408
148.958
148.698
149.089
148.887
149.066
148.856
149.152
149.205
149.227
148.636
149.41
149.07
149.069
149.341
149.419
148.954
149.427
149.599
149.418
149.241
149.758
150.88
149.879
149.32
149.616
149.618
149.794
149.519
150.373
149.558
149.808
149.959
150.016
149.445
154.56
154.342
151.032
149.068
149.903
150.133
151.633
152.921
151.836
151.7
151.592
151.537
151.686
151.336
151.552
151.481
151.845
151.419
151.627
152.149
151.951
153.451
152.437
152.431
152.632
152.337
152.653
152.465
153.99
148.074
150.5
154.737
157.223
159.08
158.399
155.756
156.906
156.15
157.802
158.426
158.401
160.705
158.689
161.387
158.463
158.683
158.673
158.49
156.487
158.194
158.519
157.92
158.193
158.438
163.017
164.387
158.517
159.264
158.821
160.45
160.107
161.839
158.393
158.791
159.253
160.417
164.607
162.318
162.392
162.826
160.954
161.084
162.222
163.637
160.007
158.667
159.827
159.734
159.319
160.051
159.553
161.149
162.982
160.972
161.733
162.465
160.598
162.526
162.073
161.639
161.712
159.449
161.428
167.268
164.983
168.17
159.716
160.689
165.371
164.778
165.687
165.268
162.898
166.252
163.002
164.798
162.884
166.405
165.378
167.105
167.67
164.08
164.179
164.58
163.596
161.426
161.996
162.883
161.119
159.706
161.161
162.312
162.321
164.72
167.831
162.431
162.322
163.031
161.783
162.199
161.445
161.52
162.36
162.653
162.17
166.855
163.978
162.493
160.949
164.681
163.933
165.797
161.773
161.202
168.914
164.878
164.862
163.021
162.049
160.609
161.94
160.38
161.35
162.065
162.38
160.593
163.868
164.801
168.457
162.865
163.222
161.102
161.054
161.872
161.031
161.805
160.507
161.995
161.01
162.522
168.445
166.356
167.072
164.523
170.175
168.908
169.312
166.572
166.862
162.567
163.375
163.522
164.708
164.896
167.935
167.093
166.117
164.437
166.717
168.482
165.686
165.65
165.942
165.279
165.235
165.391
167.835
165.288
167.885
168.979
169.824
169.838
169.501
170.176
168.317
171.211
168.9
167.163
168.105
167.48
167.548
168.612
170.593
171.503
166.393
161.865
162.459
163.842
162.804
162.321
162.191
164.16
163.759
162.292
165.835
165.67
162.404
162.585
163.569
164.924
165.412
171.42
173.244
168.238
167.46
165.991
166.473
166.358
165.945
165.429
164.558
165.376
166.182
164.687
166.304
164.622
164.976
165.204
166.194
165.441
165.827
165.258
165.615
166.053
165.853
165.278
165.93
165.478
165.691
165.258
166.604
166.607
165.594
166.406
165.8
166.256
166.282
166.343
165.508
167.248
169.615
168.918
170.604
167.319
166.659
170.524
167.495
167.15
171.743
168.361
168.088
167.423
169.638
167.642
168.045
168.576
169.046
171.55
171.566
168.272
168.613
168.303
170.109
168.953
169.369
169.07
168.931
169.878
171.207
170.317
171.152
169.137
169.064
169.732
169.692
171.923
170.021
168.539
167.867
171.999
166.275
165.573
166.3
166.909
166.579
166.431
165.389
166.169
165.479
167.206
165.76
166.889
166.115
166.426
166.833
166.273
167.155
172.184
173.366
170.672
170.201
171.984
171.003
170.936
170.926
178.015
178.271
174.017
170.966
171.056
171.682
173.465
171.514
170.769
171.768
172.592
173.081
171.135
173.297
174.192
173.988
177.647
171.884
169.567
171.476
173.563
175.748
171.766
175.137
174.342
171.432
172.327
175.909
179.825
173.221
173.139
173.288
170.069
172.499
171.773
172.93
173.411
174.455
173.571
171.844
171.394
169.344
173.325
172.046
172.017
171.699
171.891
170.023
169.514
170.583
169.647
171.273
174.095
172.631
172.686
173.371
173.14
172.641
175.43
171.372
169.713
169.136
175.027
181.772
179.576
174.517
177.184
175.71
175.396
177.01
177.367
181.775
178.856
176.89
178.398
175.921
174.163
171.457
172.739
176.06
173.231
173.584
175.401
174.603
171.044
174.867
173.902
175.251
176.773
174.156
172.492
173.15
178.054
175.156
174.152
172.961
172.807
174.965
172.084
175.471
175.522
170.638
171.788
172.432
172.235
173.189
175.327
177.713
176.607
174.765
176.403
175.304
173.472
173.929
173.423
174.034
173.472
172.606
172.616
173.962
176.425
176.675
176.526
176.569
176.301
176.85
179.016
178.197
178.906
177.434
178.329
179.501
177.979
175.909
178.699
176.85
179.426
178.053
179.157
176.277
174.842
176.654
178.882
177.872
179.34
182.195
183.922
179.67
181.307
178.686
177.654
178.79
180.452
179.846
179.035
178.068
176.082
176.922
176.424
181.558
178.618
179.497
184.517
178.684
179.28
177.764
176.912
178.802
177.61
177.295
181.015
179.406
181.677
182.574
184.368
179.511
178.494
179.884
177.263
177.14
178.805
180.042
181.935
177.76
177.475
180.211
180.186
185.718
182.727
185.313
181.746
183.775
184.799
185.521
181.335
177.93
177.738
176.389
174.334
177.676
182.861
180.286
183.256
179.919
179.82
182.512
180.213
180.574
179.185
180.478
182.093
183.204
185.55
180.489
181.173
179.81
180.539
180.102
180.333
179.535
180.981
180.499
178.406
179.94
180.393
181.798
180.333
180.226
182.162
181.228
184.27
183.421
181.151
181.776
181.098
180.441
181.548
181.944
181.072
180.596
186.256
182.127
182.579
182.47
183.796
185.698
182.113
181.127
180.983
180.613
180.929
182.152
183.366
182.444
182.877
182.511
181.418
179.472
182.535
183.6
183.975
183.31
186.15
182.479
185.304
184.957
189.096
186.292
183.835
186.564
185.751
186.42
182.566
181.321
182.702
183.798
180.746
182.523
180.636
182.375
182.681
181.429
188.695
186.604
186.47
184.013
181.978
183.401
183.819
187.742
181.01
183.655
184.399
183.185
182.121
182.138
185.195
182.337
182.548
182.248
185.782
186.197
183.448
185.406
184.517
188.438
187.791
184.473
184.508
183.657
188.871
190.863
189.055
186.68
186.934
189.492
188.786
188.535
188.635
190.814
193.139
185.976
189.3
194.93
188.02
191.111
187.227
187.804
187.519
189.103
189.25
187.151
189.341
188.488
192.059
186.854
194.531
189.043
186.839
186.407
187.047
187.708
186.84
190.89
185.195
188.488
191.794
192.543
191.775
188.697
185.623
187.71
190.735
193.656
191.458
192.105
190.509
188.276
187.206
189.208
192.285
187.17
192.875
187.629
188.141
188.221
189.055
189.411
188.483
188.504
193.043
191.624
188.967
194.65
190.108
190.013
192.368
194.987
194.818
190.288
190.857
192.056
191.311
187.951
192.71
194.979
188.781
191.389
188.215
185.898
186.76
185.012
186.622
186.968
186.776
189.515
191.491
191.492
191.856
191.714
192.582
191.71
191.33
192.507
188.566
190.854
193.476
192.167
191.246
191.567
192.517
191.308
192.714
193.062
192.28
192.314
190.298
193.827
192.23
191.93
193.039
192.326
193.835
192.953
193.287
190.329
189.717
190.165
189.953
189.318
190.014
194.185
194.558
193.49
195.616
192.552
193.551
191.916
192.592
192.232
194.495
193.737
193.34
194.175
189.299
190.317
189.891
192.196
191.022
192.759
194.252
192.835
194.927
189.94
191.936
194.415
191.735
193.929
190.607
189.821
193.769
195.665
194.594
191.856
195.095
197.555
196.044
195.893
195.666
194.909
195.427
195.75
194.004
194.525
194.559
194.352
195.322
195.424
196.434
195.207
193.746
191.573
196.002
196.081
197.123
197.363
194.685
194.863
194.169
192.55
195.822
193.963
193.288
193.609
194.398
193.53
196.646
194.975
195.274
196.098
196.82
194.968
196.074
195.564
195.024
193.49
193.393
194.02
197.095
197.09
196.615
194.999
195.625
195.434
197.321
195.875
196.765
197.441
197.518
197.241
197.125
197.608
197.253
197.11
197.1
196.759
196.999
191.851
192.391
193.154
192.212
194.314
197.031
197.606
196.937
197.882
193.748
193.285
193.676
193.062
192.908
194.569
193.109
193.136
193.594
192.935
192.493
192.407
193.008
193.482
192.233
193.384
193.755
192.235
194.454
194.071
194.203
195.302
194.066
194.201
194.849
194.1
194.878
193.067
195.232
196.376
198.767
196.004
195.255
194.918
195.783
195.086
193.61
194.573
194.251
194.321
194.823
194.891
200.356
198.032
196.873
196.296
196.058
196.949
196.961
198.913
199.766
197.185
200.184
199.394
199.588
199.773
198.192
202.026
199.3
200.119
197.438
199.522
200.769
200.432
201.432
200.845
200.791
201.479
202.022
201.766
201.67
202.015
200.527
202.641
202.423
200.451
200.613
200.803
202.197
200.872
200.73
200.417
200.438
201.088
202.688
201.935
201.016
198.099
197.963
201.288
203.528
202.871
201.853
201.879
199.943
202.605
200.169
202.028
201.274
200.676
198.661
200.933
199.774
201.674
201.778
199.582
201.253
200.057
200.862
204.141
201.378
199.481
201.797
201.693
199.697
202.133
203.155
201.011
202.096
199.634
201.436
202.065
198.017
198.774
200.724
203.407
202.477
202.827
200.534
200.786
203.076
203.769
202.569
203.053
202.892
203.256
202.689
205.284
203.701
203.174
199.042
198.866
198.722
197.827
197.821
199.945
199.481
198.804
201.905
204.844
203.253
201.607
203.535
202.375
203.62
202.261
202.231
201.722
204.361
200.668
203.193
203.589
205.252
204.28
203.823
203.639
202.523
201.71
204.735
203.516
201.345
200.994
201.546
200.9
206.634
202.562
202.903
204.588
205.566
206.307
205.99
206.061
206.77
206.985
207.646
207.571
207.758
207.201
204.937
205.054
206.005
206.226
203.253
203.453
202.238
202.666
202.526
203.282
202.245
206.937
207.609
206.398
208.575
208.722
207.405
207.368
207.126
207.222
206.191
206.649
207.903
208.41
207.736
209.007
207.683
208.185
207.369
209.182
208.096
208.431
207.822
207.198
206.251
207.908
206.438
205.791
209.279
210.173
208.766
208.92
209.559
206.717
206.284
209.554
208.286
208.07
209.113
206.275
206.835
206.08
207.77
206.246
207.041
207.656
209.11
208.684
207.556
207.093
207.569
208.188
208.364
209.918
209.956
210.786
207.008
206.04
208.119
208.309
210.006
210.178
208.566
206.482
208.326
207.65
208.472
208.373
209.859
209.762
208.943
210.268
208.527
210.747
209.764
209.875
210.086
210.155
209.963
209.474
209.495
210.257
210.058
209.288
208.618
209.922
211.432
208.798
210.148
210.397
210.749
209.389
207.903
207.835
210.02
211.407
211.619
209.32
205.22
205.239
207.03
209.482
207.549
208.047
207.806
207.846
211.266
211.813
210.083
209.845
212.813
211.336
212.701
213.633
211.826
213.03
211.964
212.869
214.335
212.634
211.888
210.634
210.542
211.043
210.778
211.462
212.182
213.591
212.843
212.662
207.431
207.41
207.579
208.455
209.7
208.145
207.961
207.547
208.594
208.507
209.583
214.755
213.208
212.969
212.78
213.058
213.446
215.352
213.645
213.014
214.515
214.949
213.89
213.506
213.997
212.465
213.92
214.045
213.797
215.239
214.121
213.198
213.881
214.143
214.808
213.049
213.588
213.913
213.021
214.386
215.005
214.252
211.63
213.599
212.54
213.222
213.974
213.859
213.771
212.936
215.064
215.204
214.995
215.779
211.276
210.982
210.896
210.959
211.185
211.973
215.343
215.31
216.448
215.71
216.659
215.537
213.562
213.861
210.562
211.451
209.838
210.495
213.532
213.849
213.694
213.972
213.4
216.975
215.063
214.678
217.433
215.11
215.484
214.366
217.437
215.754
216.009
211.897
213.039
214.465
216.422
214.733
216.243
217.19
213.285
211.82
212.285
215.325
216.053
215.348
214.032
216.31
215.119
215.634
215.262
215.167
215.933
214.242
217.126
217.319
216.881
217.893
218.455
216.587
214.366
214.486
214.564
214.558
214.86
214.851
214.005
213.665
216.54
216.687
216.909
220.444
217.029
218.476
219.699
218.823
215.227
216.64
219.339
217.717
217.702
217.861
217.531
218.487
219.586
220.371
217.047
216.194
214.81
216.781
217.533
217.393
218.073
217.611
217.314
219.09
215.76
217.829
217.419
216.531
218.752
216.694
219.022
216.224
217.361
215.183
216.605
218.111
213.469
215.818
219.556
218.339
219.771
217.114
218.31
216.683
215.575
216.364
218.18
215.382
214.198
214.721
219.497
217.141
218.755
218.034
217.947
218.516
216.861
217.616
215.506
217.958
217.392
217.472
217.432
217.681
217.351
216.585
218.131
217.98
217.941
217.169
219.547
217.675
218.643
217.571
218.014
217.087
220.739
216.973
219.972
221.15
220.262
220.206
220.148
219.99
219.806
219.596
221.283
219.243
218.274
218.404
218.365
219.461
218.746
218.694
219.531
218.78
219.329
218.981
219.176
219.783
219.114
219.285
218.512
221.492
221.495
218.959
222.85
225.196
